-13.552274549214133 -67.68692279786401
-16.821918561621914 -45.3314732991009
-33.12803060035647 -19.19900383828997
-72.33792811072598 -60.64068973213299
17.302350903151847 82.19786252086868
-31.345282228886617 -68.4184018299582
-58.373763510600554 0.20657408707272396
-76.53586878273265 -81.48991085359678
-14.858811246189106 23.3208462969027
-5.057975270992301 96.78119511467659
-47.03209351041671 -36.39950435857327
31.65933913636829 -85.1534535330343
63.875192665023945 -79.05223316413124
82.22126430018474 78.70171659919242
-94.58797461882422 -80.75317648249876
-72.36261951427845 -33.49810571836815
-65.51881853117239 -78.93467609398326
62.413894407066294 -35.81106205478778
-3.1153165951567843 -93.84442775621747
2.252146966543961 -83.90825649266364
-46.08014898223269 -52.261205116913565
54.73458757229628 -96.23988717627387
-17.238398169039627 1.2138398688384342
67.07295938445722 56.112730841180024
-0.4834854854728974 -86.38147676367379
28.009306670653984 62.84899879939664
4.209101705646773 66.83202388314106
98.99172623254714 97.69297235121743
-70.16177598818857 -6.0710797662993485
-63.60314726696785 -86.49714843546508
20.482663379618216 32.148337221378114
26.350635298721613 90.77623390569855
36.176339610257514 -50.78204113078808
75.72628671575555 -72.3973606827915
-55.87342419153482 23.633095404755494
15.372902357152228 62.58084960897324
-25.91803650405255 40.2913304480476
28.912490174965598 -81.05553228881661
50.23105532694754 37.02245291275909
-99.00505576557256 -70.96545257752197
11.033037564323962 -15.27143066961247
76.272005435332 -43.25002154882702
-65.46211285500743 21.37566810346867
8.045515479704918 -0.3449122004572729
-40.88944102716865 85.42587763012318
49.1267541472551 13.04960059013267
-94.25938319084999 -48.04864492249179
81.11181354062526 4.99687343898907
-65.44545168145478 -32.01771138416683
-17.725807968267773 -59.63466901539891
83.23752178131764 -63.846131067759536
-53.513920395796276 69.750091605971
-98.12232276263755 88.85032856622067
41.516083563607395 -2.602103000470237
-69.00834454952704 92.43784260031796
25.844596247031774 68.34420367074452
-57.59501279697721 92.56628367556686
56.24435962126432 39.434220927236
-35.981923807867304 84.76926491550577
18.78276132893572 92.61247929438997
72.29605510716775 5.620111149561708
-82.09876231041615 32.90733971280301
89.57897574815533 -90.92018286516216
28.67935950902813 3.603089929937454
16.865803485899747 50.2993130468445
-92.34795860842253 1.5692941944684975
-91.19823723870559 99.91896530844468
-70.96458053924232 19.112402020522097
18.136566230738467 92.02517976398815
51.69791169067838 14.933599269924457
31.152606148258428 49.62389571036644
61.60586105594598 3.6723156211808714
86.28451319145759 -32.55375304187058
29.152974566928947 -71.57167432619076
-82.28072784043323 -28.887255734951367
-69.91284129875923 12.951888734824266
69.85861070712525 -56.23265821959824
1.9306750687372585 27.002224240592582
7.780423366812528 -76.5557704286036
62.41586579981967 9.568790274177545
-92.08123361160052 -9.357950037156314
78.55632060863854 -0.43815647474012565
15.850904755675273 -86.3167417036008
89.86636961467121 -75.12067753822737
83.74085898075009 -22.32466189580748
-27.191932133857975 -51.79565091271448
-85.25437218000073 -20.182243878024735
21.696068220458173 99.79737907319426
-95.25145735246308 -89.59605787911084
43.104959960688916 29.061835793265033
-21.672599020291997 -72.65576347598734
-0.4164128455531113 -2.247861786605384
-18.373311931440554 59.65807787988439
-64.21544099489944 79.24129942630157
35.47575166417778 -35.82879593266979
-29.32732215749472 -22.721471106775894
30.24544794925623 35.01104815603793
22.027713888107854 24.887045567514548
68.27221543107098 -27.88558565210974
90.33177026421916 1.0276352072405786
