-0.644703504742729 -2.66695355502541
-0.5271085230191438 -1.2910440967653698
-1.255873220799006 -0.792138363810845
-5.557904678623031 -4.66013130734693
1.0610338966209463 5.4852769454439745
-0.5213068620466292 -1.0247805438868163
0.141604565525355 -0.05752275206287937
-2.203860324793323 -2.3459485320364464
-0.9514028924024149 1.393111081326403
-0.2283575855637331 2.546358884474894
-0.27142602237279667 -0.24429048170102377
0.4136703116630863 -1.4062806186749661
1.0176699640036382 -1.47042500705379
2.94236318412552 2.810169758971221
-5.31994298298815 -4.545659878176407
-3.131354483784059 -1.4929111448768504
-2.6695547051474735 -3.168820172759565
3.9972731618369375 -2.540217371605839
-0.16490698915799776 -2.731596465846999
0.14486042489136283 -6.801216114140476
-2.079224435901433 -2.337963352489196
1.806720760109295 -3.2558357299141623
-0.5123538076951161 -0.05325922824442916
3.0861458094501075 2.57005428351488
-0.026623598922461293 -0.7858372867570724
1.1989195426792183 2.85846392807029
0.2098613502175325 4.061424853886366
6.7676165135054696 6.676123648563457
-1.8471971986302664 -0.28292496102677245
-2.9114348188995405 -3.957654542275641
0.9837888786652468 1.6886030984813576
0.35845069284475783 1.3760839543903114
4.0884234627860945 -6.251925689533144
4.918757331979958 -4.876995530503685
-3.798146813022915 1.4048661422495534
0.6979545421237466 3.2481370521388024
-1.6814737552911911 2.299161320780488
0.5482115823787168 -1.8725924246835488
2.1320646515647903 1.5507129339101793
-2.322571018678201 -1.6946539574300563
-0.0897957842012491 -0.3886573317082345
4.912078351716826 -3.104335910134454
-6.402381849802536 2.011519107104666
0.09649379492535484 -0.16661659175577267
-1.7277789943940878 3.2341830044984103
0.3567847346136186 0.03134180979963057
-0.7239880527800029 -0.4286005127537701
0.6022093867084244 0.0324482295045386
-1.5638178085496057 -0.7959458119533013
-0.04253953163729296 -0.03473786048765215
12.268830732106641 -9.76305221057606
-1.0969423709518902 0.980567177240535
-3.0890672243668367 2.6455322855643626
0.9402776075495414 -0.17815981121765412
-0.635572916941908 0.6116510908363746
1.9248485330708216 5.145456988819239
-6.656642865971075 10.716233559750862
-0.04724366217677261 -0.049322564440534615
-3.480289549111697 7.5820053496398385
0.6497461010944874 3.551725581114639
2.599838463510285 0.1528142475788144
-1.85364565772534 0.593926753159528
4.98449707368059 -5.277064873513956
0.4131819377038347 -0.04261328225329817
0.20914100225908672 0.8693958399198898
-7.86928709942719 0.01297210229615179
-8.83271745216314 9.4574992995459
-4.6421797779832215 1.0783611334247605
0.3335671909662493 2.75013200905154
3.820758273730301 1.0380381029096242
0.03787844374826031 0.10581492064321221
2.2200458398315503 -0.034919461234738124
1.5454969859129286 -0.6701956250878858
2.083843002209905 -5.617539136517248
-1.1412073438399042 -0.4606910866310297
-4.299270114996798 0.6969658031626937
-0.15223114256095077 0.12640822956184433
-0.08545508426154576 0.8047174184924191
0.1539221748901461 -4.050580821064812
2.184981690780105 0.2682998911556299
-6.298206846331116 -0.6822647989190651
6.543813502462786 -0.21555886172501676
0.35543072875437437 -3.5855120520120853
4.654348152165509 -4.166873655293699
7.148425563120013 -2.0191826288065036
-1.3605824067479197 -2.5131099776275265
-1.9141224243035642 -0.5165981534388914
0.6514153072159033 3.3957466092277016
-5.665289036233764 -5.332096145468716
2.1914263090068284 1.433121963826332
-1.6946679157798197 -5.360056041695531
-0.16772212755646004 -0.2608150974366251
-0.3859151227718516 0.6575376069769745
-3.711852930455458 4.279663945435668
1.015373359053676 -1.414925290499207
-3.65152043948463 -2.847539036787023
0.6759647074285609 0.801870621919475
2.785266102742396 3.1602789918079903
2.560064308715141 -1.1165944978582978
2.1702567768709127 -0.10081659738152093
