-0.532827148253167 -2.185590687191315
-0.44003638204173234 -1.0803026830121483
-0.966203230626792 -0.6134710605083096
-4.735952196711436 -3.970085120679193
0.8527442432379012 4.419691912871785
-0.40006023822172926 -0.7819798013161754
0.13749960290408442 -0.04398578059245243
-1.5137453750333179 -1.6119571380841706
-0.8391072355344392 1.2442000266644042
-0.18851628815160887 2.1167825893091754
-0.2161924624201725 -0.19705965618790383
0.35124301857068174 -1.1854717069828988
0.7452376978672729 -1.0938790629310882
2.2372635932902543 2.1363862063859367
-3.306929785697752 -2.825590152616178
-2.550581708132535 -1.2161746952921002
-2.2034677041760116 -2.6141079045922666
3.4851026057022367 -2.2181486405324957
-0.1300750729785796 -2.142043562048584
0.14010741137030094 -6.316902414948462
-1.8482465859788186 -2.078092759622646
1.1567847516542846 -2.0716065198015166
-0.4078386948961253 -0.04197972889922215
2.485443248790971 2.0701028672433552
-0.011644612619334898 -0.43167474710996473
0.9937004995957117 2.3741297630520513
0.18345221254235064 3.504046048394879
6.012734712214907 5.931411734179297
-1.5778232286733875 -0.24383116534290877
-2.2775862372886446 -3.09829858612802
0.7902353555873521 1.363058779417274
0.3031915174863737 1.1533587647139685
2.959619847327373 -4.552186194485042
4.178813830151762 -4.140193838751575
-3.145137703522572 1.1577699293992847
0.4957057629844043 2.326888655177843
-1.288210653401491 1.7524950222940932
0.3928785607580934 -1.3656366016446784
1.7950272163533243 1.3058830865280735
-1.7318315037712357 -1.2648443705566224
-0.0842769587542919 -0.2904609934393495
3.7944794838658176 -2.412732536517018
-5.408617210454531 1.7000081680682082
0.05557231225173047 -0.12764234034739294
-1.3509815113186094 2.5094173272391833
0.19722712083821203 0.006146655420143175
-0.5485261837542322 -0.3294510377437987
0.3372631737725085 0.02522660448668769
-1.3495097817091333 -0.68602504520164
-0.015247034605556705 0.02460842474927645
10.658381070123223 -8.487476870771985
-0.7886468976628803 0.6740420203865326
-2.6461910295164435 2.2689016679817797
0.7904345361476874 -0.1508358394079662
-0.44936927963278783 0.41198791566439064
1.6376912889265012 4.370413351016607
-5.029566918025064 8.1116921048426
-0.055299622803557796 -0.05000990449218731
-2.961817871417262 6.435285614944503
0.5021389664220653 2.7540077021924523
2.0908324443478947 0.12459274328317876
-1.1130081588756378 0.34054952724444776
3.3323285487157315 -3.5411365289997763
0.3031457217358465 -0.03782106845517185
0.150846783139092 0.6506655170694617
-6.60713129884698 0.009668923376641493
-6.85186105139329 7.329171833486941
-3.6488681273340635 0.8404043633750279
0.27223666440787986 2.307814207481809
3.278684327838482 0.8897908211459944
-0.000286749315251536 0.03560921829484265
1.9743166799181848 -0.034234245966675375
1.2394920798534639 -0.533205660030795
1.61158613056688 -4.3647777660073945
-0.8712255328305827 -0.3541190312286151
-3.0922621656264706 0.49577512830653636
-0.2302588109348665 0.20431856559683223
-0.06827588661542175 0.5934392661683048
0.11611500445097625 -3.2820521094104986
1.6758811720381257 0.2047242645491888
-5.6910953182360124 -0.612997461163992
5.052478832576603 -0.17548600065494474
0.2986472926730852 -3.0953532523929486
3.5778517389113222 -3.212713558072215
6.469045338306495 -1.8236175334354305
-1.1093093375217795 -2.0456971923807226
-1.3382202923212936 -0.365072739756402
0.4691107829363462 2.4837661999309124
-4.725830704497544 -4.447785212502206
1.737212832895866 1.1346941118028215
-1.4668067577090456 -4.633363772119205
-0.1387898474995154 -0.21347789708980763
-0.31651950628201886 0.5112963229968683
-2.8462772920432036 3.2663383378271345
0.7579432585922246 -1.0784688665967836
-3.2398066881429033 -2.5262449953897135
0.5431587275057533 0.6454499166392095
2.179727889790354 2.4739224037529666
1.946490196306148 -0.8451772647603557
1.59799824852569 -0.08198752882375634
