-2.836395384470722 -12.80946806653679
-1.8845901384683046 -4.435994625541897
-7.000775959963711 -4.197069621767655
-22.850444093818894 -19.201797227352763
4.099029271979028 20.63697348486759
-3.4682656749636003 -7.126391794846013
-1.7130299291532443 -0.4024754331208096
-13.199834287552795 -14.031810907111382
-3.794056915933853 5.135020535904932
-1.0056417101393595 11.92245732993232
-2.250547891258167 -1.8321992988567537
2.412122985841291 -7.888778761275235
6.859915305728175 -9.316175552350554
12.120118303709909 11.586186071962954
-25.2050031110416 -21.563297101824112
-10.042355353894296 -4.842531864427572
-8.036934756738596 -9.607319682426947
12.86335591249245 -7.897400561894113
-0.7817864869701207 -13.064560829076012
0.2657873919661914 -21.760568336759064
-7.142813439008542 -8.053300910468472
12.391711727725045 -22.67020673820163
-2.4793369752716474 -0.2164906843227133
10.885719084764872 9.050260480106626
-0.4227989359619797 -8.60128033909156
3.5723789029995006 8.461200676042345
0.6640087329401407 15.291388169313826
14.430048567359892 14.236081558593305
-6.465070719359268 -0.9068131252673982
-17.023990647987155 -23.041296481187086
2.769060570900628 4.547162794538089
2.3344499567967962 8.955500652107258
9.465599836148053 -14.017843293770351
18.31296585857331 -18.122094930545327
-9.656778978770307 3.5907677825241557
2.5135690701388573 11.27382434080927
-5.190134681897529 7.203785996342871
2.682038764114386 -8.935531656998194
9.775277066051128 7.1173361100969394
-9.206540244665485 -6.706539464215822
0.6041241670968862 -1.7405022096984737
14.638632689208967 -8.825269670374395
-18.036694392910025 5.486861341191672
0.7989413594664361 -0.40614348302265196
-9.654769839123468 19.17791355378197
4.887188051831406 1.0251252166394473
-6.237444452157305 -3.3710159169685934
11.197555468380568 0.35472787674258544
-9.516595136550322 -4.838707600044252
-1.2641658357666101 -3.316713716109609
23.76951484064672 -18.75513875152551
-6.063443730713646 7.045941528926299
-10.69616915148573 8.975448391054481
3.037638312048464 -0.5964518667476761
-4.69842315307839 5.380229252715272
8.224615622240606 22.208858052667768
-26.46443567197183 41.942361302497275
0.9678073767981605 0.5571364150771432
-9.120647913303921 20.431766853695677
2.890970829124439 15.609393074048555
10.066907103699677 0.4539029916603651
-13.935710017303276 5.099022455534573
20.260698218406898 -21.21032832994469
3.625811508639832 0.14200958822276422
1.7123486075930408 5.830568460402241
-19.702359931163816 0.00016060139146324703
-22.88021641773409 24.41140088542887
-18.364932404496685 4.552012657836591
1.5914509136073365 9.587917072382234
11.237489911297658 3.016185583039943
2.2588567286453127 3.8241786973578487
8.642128091625338 0.18075832968852146
10.58930961521354 -4.495892304364495
5.618016164812064 -14.937558249384702
-5.648822846261879 -2.2361449604851478
-18.644697067206593 3.0899716722063233
5.4652086435536225 -5.087916484212885
-0.11220884497357408 3.1372925956705515
0.6082263913079009 -9.934154963090073
10.212969212200223 1.272791193710297
-19.056404785940032 -2.2346696183617283
21.912376114668643 -0.4225606498155506
1.3823685773400711 -9.914961995328325
11.871272362355711 -10.583827531030876
19.919249908490926 -5.7102960067980355
-5.6962862030837975 -10.547901511751299
-9.949387859172505 -2.6374371940190913
4.742796589669554 22.965130784182353
-24.890614441311854 -23.431118244151463
7.784542348667685 5.1383245329602545
-3.7418490754829534 -11.717939461768971
-0.4164128455531113 -0.7376668950546419
-2.3236483297924613 5.9642099925631324
-17.714344968906254 21.18130956417696
3.513617894221328 -4.293909675350197
-10.162197292207015 -7.9353838865001185
3.915621936086013 4.588925685956921
8.074833640706922 9.156599501501173
11.599406440397637 -5.221642250468505
9.718794690310673 -0.25513439120521403
