-3.7682896938735966 -17.58182383804406
-2.160580491324965 -5.191602139122608
-9.213370143050165 -5.467512798419143
-27.566380611425664 -23.150738869762982
4.533371293095035 22.662106380400925
-4.509593772653714 -9.415915571180136
-2.738358072708864 -0.39145412128100043
-14.466351891397293 -15.380756602640007
-4.479831013634029 6.262146171047086
-1.2018538180078968 16.0312779790162
-3.1652783177060324 -2.538288498352814
3.5849355430364036 -10.987090078616891
9.293191940780272 -12.292344878653534
15.731431092835543 15.043692654724438
-29.707667651553635 -25.404472612945796
-11.377068890450232 -5.456248491529832
-9.62253523342408 -11.51966983791019
16.668869148004585 -10.041187723247463
-0.9001864943159598 -17.163216682718158
0.36385244637848935 -24.828752213740543
-9.643404789142101 -10.892373007311184
13.799774623299179 -25.11668055930788
-3.3052413817974013 -0.1364506132683957
13.108292449844157 10.911889429338498
-0.4247950583252606 -11.15965267620322
4.381957520042696 10.263031037345407
0.9437327274637002 19.35817925579641
17.097244414319327 16.868430852839552
-8.40701339257832 -1.0642578427575071
-21.934882961452942 -29.731517563457643
3.4774526806295025 5.650972922515063
2.8889433869175103 10.844604120907338
11.755426344382506 -17.1695206891968
21.761151227599136 -21.38181191734756
-12.29450539082171 4.734645203413761
3.4250919316924424 14.91067902420638
-6.534477736858841 9.349734533296544
3.9049917895848534 -12.29801183654735
11.506887082801208 8.397351030922826
-11.99419555043755 -8.701357519328862
1.109911969498061 -2.396733430489615
17.355072972651307 -10.342512335891485
-20.293316497305838 6.242891202707463
1.3873341147153861 -0.4011717484542509
-12.388551977688813 24.97619776871354
6.77352741901834 1.5378391347159723
-9.083528876588652 -4.815613773539621
17.163057650194872 0.75082346930777
-11.717551113405717 -5.90827695152226
-1.6971822654405186 -4.798133354195725
27.757217279227596 -21.778772286055553
-8.81135107780974 10.677205254816776
-13.234368867469506 11.294415768672067
3.772382748845984 -0.6347496982485367
-6.178537167298696 7.383888886599931
9.262358939735194 24.926037352405494
-29.018038884892064 46.09497981333938
1.8427299834668618 1.1724866628752526
-10.92829935911156 24.76141120296561
3.813717383123326 20.080527554328988
11.276541026945427 0.5543257170686918
-18.34213826487013 6.8967024384203945
24.32041530091022 -25.292978640376766
5.3801707854891125 0.38436960866033804
2.3424170949561827 7.679543157032509
-22.63738303181573 0.06355664227414022
-26.70903883166298 28.643154844484965
-21.602217106032825 5.4481427158073545
2.52340007150425 14.231422788248738
13.785556996816306 3.7667059242672076
3.4207336302220517 5.665879216157406
11.52887730687259 0.3710630855484664
13.534103963563673 -5.587436098726304
6.549202262266229 -17.178348338377752
-7.304790365857004 -2.812058789157481
-22.045861390310122 3.7442181048310266
8.278784027082391 -7.322611060554007
-0.02393067508668273 4.168556524056296
0.9349865343172954 -12.969387914914632
13.206864768412107 1.7485761865920761
-22.59919220741855 -2.5802543827932727
27.15729360838279 -0.4240047373646533
1.9479201730488653 -12.901383558396017
14.107581637266161 -12.434256100633222
23.7254222653096 -6.701138154027847
-7.470494746198945 -13.952410015805631
-13.671616616311521 -3.504654478062639
6.233739335408757 29.722085177415707
-33.19499271722461 -31.240272662973155
9.971338676630648 6.619503129167154
-4.359528076181113 -13.817127413063751
-0.4164128455531113 -0.7863491143590636
-3.3956620294204294 9.550613009465735
-21.67030158822866 26.120608222524186
5.238408093317565 -5.99564408199878
-12.27530489537894 -9.565667724771314
5.143103375781442 6.007187647486287
9.440253484653475 10.695970787703288
14.431241282735296 -6.354117342714216
12.17445899385627 -0.2160581570115167
