-1.2519743112181674 -5.250767769455312
-1.0616209387282092 -2.5055742471136955
-2.7646713543583643 -1.719793582146198
-11.2694992802281 -9.466274167677991
2.255561763789973 11.716204151193844
-1.4366469309447834 -2.844251852761437
-0.2059112351102127 -0.2130500716512842
-7.397443533982717 -7.864851093791392
-2.0507656247009125 2.7900369310852335
-0.563392136397312 5.921165304925184
-0.6713412875074766 -0.5778846379539193
1.000111569254316 -3.5509180821836663
2.358941768067741 -3.387243220251424
5.368299973516916 5.1274552955651735
-14.883297743149443 -12.731603602870099
-5.973542265348309 -2.884735501047543
-4.5058376355573735 -5.355431617076575
7.1080026999490515 -4.519545819905671
-0.401363419757245 -6.057962875062035
0.16249733444113248 -11.740111209937616
-3.8565108954432024 -4.336413612118138
6.326306850499636 -11.656396449778143
-1.2717604654806771 -0.15437214216379969
6.280002490109338 5.220780519596531
-0.22677884265300324 -3.5587396190173974
1.8348774805748782 4.406092901331666
0.3346111617696063 7.686275569217299
9.548003631814892 9.419003328590794
-3.1246152959516547 -0.4889265700860945
-7.462395305663341 -10.104652743068021
1.3182280462335756 2.242530611321413
0.9230265161430595 3.7119034355786553
6.550018789122096 -9.954839007789584
10.359598665096794 -10.36122717455249
-5.615412096559158 2.045951816840577
1.5440077312905836 7.2176014538803495
-3.3651297837684293 4.556642089479705
1.1063125938472045 -3.902075665092769
4.499259426782131 3.2622561620620942
-4.65310303874783 -3.40156758808794
-0.04658355228547388 -0.8031463052624499
8.032085511794238 -5.040544626307657
-10.899414323732481 3.3551723534567346
0.23452072882090616 -0.30844379757252816
-3.859767386021929 7.333101782486011
1.526877178199623 0.20841631084660575
-2.0168222500730297 -1.154921846360607
3.233021125790537 0.05611134126343795
-3.426211364223487 -1.763615099254512
-0.355572183167997 -0.7377269950478428
18.106513289303482 -14.393383739459862
-2.636300922451486 2.584814965891687
-5.6870849464082145 4.759152030664177
1.564517370970445 -0.3327970408059141
-1.6427162609496526 1.6593872184681537
4.255580350943206 11.509820368163053
-15.627792318586762 24.914128018728082
0.06553978659821996 -0.016560261822811506
-5.274985046230103 11.49711055663109
1.3901655560499142 7.742029662651282
5.381922437281358 0.25286178390862246
-5.975911808316006 1.9841592170096467
12.124744482761695 -12.854759852066486
1.2965461729916168 -0.08093460754763318
0.5348618235710974 2.118044813098532
-12.803302564679829 -0.011620549778330803
-15.504829100684663 16.546502378681524
-9.172994440360029 2.1470151580217616
0.5869965750082916 4.444654681752085
5.893371994003447 1.5760773983126557
0.4286109394545119 0.8181121093223589
4.19096032265898 -0.042601299423870656
4.554315455791249 -2.043332095834228
3.477463497513869 -9.469151738861164
-2.480205894122324 -1.013707127358062
-9.46781526221502 1.5000534342140632
0.958955307454986 -1.077069186212211
-0.19429447522835191 1.9880001073037878
0.23173518130083737 -5.702471567698451
5.132323557099696 0.6006872490588888
-10.353276905192761 -1.1807037006313115
11.730074059536474 -0.368953573084009
0.5305733082075536 -4.954918567180114
7.864195499814628 -7.087872403880011
12.716524340099358 -3.663309766626858
-2.352816266444756 -4.319956579178848
-4.379354179715767 -1.1945254949122588
1.5534971965957727 7.936576089987994
-12.02552766958419 -11.321194901033943
4.367767034998342 2.8542800294988155
-2.26200499123916 -7.100450430571045
-0.31162407379355817 -0.49018071611710734
-0.8264574331983099 1.6536754475772635
-8.542249252587414 9.900775074453051
1.7323444244739252 -2.3601891373090496
-5.922110099347542 -4.626045337613858
1.3187201012233714 1.562171129343907
4.652488157454215 5.281287211175937
6.4483239340474725 -2.9020425162056025
4.2343863338528545 -0.187613881479397
