-0.4142545198938343 -1.6822672435546495
-0.3347525386397585 -0.8201145008039913
-0.803226912874508 -0.5127251323232035
-3.8421306292637567 -3.2205514677320437
0.675592326623466 3.513874926402592
-0.32221967787522865 -0.626274399946308
0.12477354545086107 -0.03520909881093144
-1.1128813782910263 -1.185497353031645
-0.708814720936866 1.0563984401449333
-0.14720341124053457 1.6387690666455137
-0.17705161831897406 -0.16301743087524215
0.2729541428230485 -0.924753227081097
0.5358323758984483 -0.8017983483806789
1.8832251390829549 1.798072440027333
-2.242157951501219 -1.9158101241767578
-2.199023325265118 -1.048830753142968
-1.776473271383373 -2.1064041206215482
3.2012065647166588 -2.0396119164916517
-0.10679032701308425 -1.7385678947715546
0.11820999227909436 -5.282917166460537
-1.4723170638798464 -1.6550593159345999
0.6748744969837415 -1.2041327571608862
-0.329719788037501 -0.03457900555913535
1.849169588193722 1.5399982253603097
-0.004373257458600334 -0.22937746847941753
0.7425041112433213 1.7800811406618353
0.15162906343670388 2.895590722057676
5.3244494736651635 5.252405013039284
-1.2266594377494207 -0.19261658774256588
-1.8960418102574925 -2.580558123430343
0.6272352912640874 1.0869682353212209
0.25583316344199586 0.9695955430160184
2.3471961166830533 -3.6290787017937083
3.5582706117686085 -3.5253507004824955
-2.6197954647060993 0.9597016556055211
0.36971853423005874 1.7522967021837608
-0.9046933098008867 1.2196368790631729
0.27210030725592366 -0.9695122886024796
1.3928718201867267 1.0129611508277199
-1.3341353252078287 -0.9754504823429287
-0.07140494177787143 -0.20104509420607455
2.7329372542616412 -1.7505515615924492
-4.461494614355522 1.4010626427200545
0.03248903786121866 -0.10399306944603495
-1.1090183230714175 2.0457926235331634
0.09316063217838658 -0.0088964104182806
-0.4482161571087702 -0.2724647951945787
0.18992085279528756 0.019908575541670734
-1.231988406445969 -0.6258526461510666
-0.0016007860896885776 0.04921738150775162
9.814082501076815 -7.818674283907373
-0.6121626948371853 0.5008721696656985
-2.374905122366631 2.0373091894257405
0.6893622278734267 -0.1327729187832639
-0.3286803788425521 0.2850069115273324
1.4385708759704305 3.8355252156845787
-3.7580233357131476 6.067110597255727
-0.05501152474015508 -0.046607517701627375
-2.6267585573148065 5.695935574672472
0.42722847092252314 2.3492240449123387
1.7042576246039869 0.10171266747826208
-0.589699500319098 0.1642751870614213
2.2941312106327123 -2.449760742495652
0.2154791963816506 -0.03311019005401765
0.11266445793973233 0.5050758676829212
-5.198892045367973 0.005079824876188512
-5.64075227518817 6.027935979536864
-2.8539840392351534 0.651198669710074
0.209019583143284 1.8236147691607383
2.8580081728813593 0.774552442426
-0.020732478770509898 -0.004127490546443249
1.6277139703937937 -0.03175641485393256
0.968218237210134 -0.41588802928361657
1.1855102904262558 -3.2305502467174523
-0.6951775304655519 -0.28457897329479054
-2.1531053912363447 0.3394355022126365
-0.23812051208739027 0.2114618165925617
-0.052279304185515525 0.4027798797286669
0.08140269990833422 -2.5046452225930578
1.3836077123211152 0.16802965508717335
-4.785884357023987 -0.5150006379570153
3.738393198138605 -0.13747646680260941
0.23160217723337595 -2.4709851578826942
2.532655593746503 -2.284505064409503
5.879060957323159 -1.656031721910202
-0.8845704874880154 -1.6280686305668874
-0.8868805035285554 -0.24610615495737015
0.312020951333702 1.6875753155926239
-4.055895136421446 -3.817240666568295
1.3232611834249102 0.86287500913728
-1.2723870666920623 -4.013942665482765
-0.11227290765397362 -0.17047316245900104
-0.27481263108017656 0.42592571462713447
-2.2301318128718535 2.5471367194748513
0.5133455309157603 -0.7508892068922183
-2.741591214654666 -2.1379353100751883
0.44182227223726034 0.525906835021599
1.6111651204085076 1.8293258769879523
1.36774985555363 -0.5944164136512039
1.2344093131895064 -0.06936846217184156
