-2.1793723389360444 -9.444764911111521
-1.6923160751712947 -3.909585910925089
-4.972279876242073 -3.0323332104870673
-19.687869330320495 -16.55358024347524
3.228102370891019 16.576250296108554
-2.6199135704950707 -5.261156123022434
-1.0416871502866034 -0.4096917356906726
-11.690073186201294 -12.42379082688302
-3.3403970144779915 4.389393504668588
-0.8870750702876308 9.439587830147527
-1.55184348451338 -1.2928626582700922
1.759693090531408 -6.165203313511377
4.842514274993824 -6.84866857840756
9.05519277343301 8.651796054981947
-22.35347388753718 -19.130687671558313
-8.774853482127893 -4.2597199334168785
-6.1678093046128275 -7.35301766779693
10.237188705537376 -6.417982887216176
-0.7073246429601308 -10.486913414468326
0.1790807171825454 -19.04775669154881
-5.709231470377656 -6.425668884364165
10.170121669570175 -18.81024995957374
-2.0614794025625254 -0.25698610915149445
9.475391973900123 7.868969541087968
-0.42130418121981944 -6.68549639044431
2.864608871745949 6.885959551479612
0.48638655790911395 12.709013069858461
12.358124468564588 12.19122686769645
-5.192370722663508 -0.8036278488981079
-14.114748813205452 -19.077969693688466
2.025336119944887 3.388298134536074
1.6921894400012063 6.767383527098682
7.905386236895443 -11.870392421349097
15.237704511087077 -15.214918958132543
-8.257149646671833 2.9838040036851234
2.0496142100663897 9.422706308658617
-4.506275036627754 6.112154213940005
1.994499448440092 -7.045158704426083
7.6979313647456635 5.581751614937321
-7.529788606446376 -5.506672882815266
0.2262853008704684 -1.2502775358945828
11.340878638407027 -6.983339561784646
-16.114856901566 4.842993442527401
0.4785335090390415 -0.4088508290457738
-7.07909723226778 13.714975740090493
3.2280178988042243 0.5741567192885184
-4.310106689168528 -2.3927497849446704
7.9123796661045045 0.13659977680656427
-7.245600216431727 -3.7351023532952925
-0.9460157926734399 -2.228270670077618
21.0917820980947 -16.724775994626647
-4.196034805931292 4.578225760731888
-9.117151515311157 7.53281550290429
2.470755457045537 -0.5669036551868559
-3.403427339117642 3.627167790183543
6.813986389893908 18.51533145016343
-24.482284031998002 38.7190259190653
0.4522258966839088 0.19451783701066516
-7.348301443328774 16.186684154554015
2.237943039170762 12.445170942207643
8.523871950381746 0.3258015946019419
-10.111618644663785 3.5389170533607515
16.636211023757983 -17.565366508795826
2.4628866669848275 -0.01864535407448739
1.1097678083020956 4.06225807365844
-17.663063956519174 -0.043887873372409784
-20.585871228938075 21.875607033823727
-14.242129985270633 3.410757713781187
1.0333093194628122 6.8069352337145705
9.34136802554227 2.457692420597967
1.316276422664394 2.3300869943732114
6.394075167708424 0.03255870064329408
8.021860746172443 -3.5442187581580535
4.743630647868083 -12.833452093070894
-4.440335022343103 -1.8158560107676291
-15.075503934358832 2.4034032936507552
3.355012434607243 -3.4118838992128913
-0.16607043887631984 2.5080824637836723
0.3933774081751921 -7.93845038521673
8.132151447342615 0.9421110324111125
-16.862889742980467 -2.0207009859785092
16.718429017909852 -0.42113059598875224
0.9200295288300302 -7.473559098766547
10.390441760510452 -9.358517917938281
17.53135451536651 -5.088666932527428
-4.485403935257446 -8.224353361664493
-7.835440679358454 -2.14492272177614
3.234784309044448 16.13081723744202
-20.337006789360508 -19.14906073962291
6.224350074281637 4.081562468181849
-3.3309899614700216 -10.321630859985927
-0.4164128455531113 -0.6746914197686258
-1.6961116954150457 3.864797196318908
-13.249504439717604 15.606632448700104
2.63210037001178 -3.424175662600649
-8.877313932635671 -6.944083409407316
2.7100880247376993 3.1960224334048783
6.674183669221126 7.577509848099709
9.80441838317566 -4.503811098986393
7.324632547777063 -0.2932319603412922
