-0.7641978732884878 -3.172532890441677
-0.6411048536942596 -1.5566245983336606
-1.6098312408973012 -1.01056702786837
-6.633081121774 -5.564149983056082
1.3115368237143485 6.7873938680028925
-0.7340823264962988 -1.4491027963672087
0.09521335801514204 -0.0816247319714189
-3.4248456741402467 -3.644194978139129
-1.171589996082852 1.6839171423341526
-0.30539132817534986 3.36757916283434
-0.36221872743026323 -0.32145915361701494
0.5266504239800103 -1.8128857287517037
1.3547588672125903 -1.9458395401278925
3.4652515039149336 3.309660814073388
-7.837809848332342 -6.699109368453749
-3.6226142784384026 -1.7321896526791014
-3.1454312949534553 -3.735072194382562
4.807333570714009 -3.0522757293157894
-0.22217420484866635 -3.62788779281529
0.14925763633836184 -7.590228386588129
-2.437209550373356 -2.740495030038133
2.9790102064312283 -5.40349141031896
-0.7111309915017503 -0.07568561780798452
4.072005897228924 3.389913882174862
-0.06160173564192781 -1.3143442363667817
1.3480412187430812 3.2178147358640965
0.2449980329264208 4.893621645368596
8.24234469765882 8.130982426706682
-2.2084952639946107 -0.33787772101269775
-3.9606057286983827 -5.37801784855462
1.0895758708704255 1.866061191486738
0.45759345621493785 1.7816245163529798
5.248674095782861 -8.005056326392268
6.2222651165508065 -6.179058903461234
-4.305425747629173 1.5898378018026178
0.9668168471283622 4.490833960283723
-2.173305412421753 2.9693755602951812
0.6840384792127312 -2.3505403313362985
2.669410281547086 1.9401172447700539
-3.085277216120444 -2.2510681117100635
-0.09027962439360283 -0.5003723219701562
5.8077955918204935 -3.6618420015312347
-7.569161734459645 2.368657184468464
0.1387849642754218 -0.21171761101826328
-2.313255147609204 4.355444226659953
0.60547109767966 0.0680333647079712
-0.9880500847655282 -0.577951429925515
1.0995933345231892 0.04290248893268995
-1.9826438466268375 -1.0109542116818089
-0.09756528063548989 -0.15460216583597874
15.257097093677661 -12.130685216262568
-1.5491954379635389 1.4327063146908596
-3.6425192518552336 3.104624445996299
1.1868769488482593 -0.2257700131387098
-0.8385680046423312 0.8212455858416283
2.3745674558905048 6.3674726481577775
-9.668279896371534 15.530378419948777
-0.031131740923202242 -0.047402484738019654
-3.765754570885986 8.205436458248201
0.8672982363170094 4.746145934137593
3.282742128039408 0.1839308485937614
-2.9122257036991086 0.9506484335322034
7.16623671377627 -7.582131766735821
0.627687445159018 -0.05225369495411069
0.28737759993521494 1.169739033154149
-9.584962622576304 0.013353406540359523
-11.450999313091954 12.260736227971655
-6.080154846650402 1.4198743105630258
0.4061974310144043 3.2672492546265834
4.40197496448461 1.1934205184559823
0.10772823326986763 0.2345735246781983
2.6250644739475684 -0.03675974798248614
2.1269272352050104 -0.9322152911686253
2.406835011914713 -6.498510535901012
-1.416541466243737 -0.5738223845022269
-5.714819225308698 0.9245908471415482
0.0231574984996627 -0.06139020647758575
-0.11784263789776919 1.1833318781245294
0.17023951937168375 -4.407587632664452
2.9309237891850417 0.3569650869685699
-7.1775791201513846 -0.786782744815666
7.603536395966704 -0.24659848347193797
0.39340649398504884 -3.901616504764096
5.434199037391786 -4.872019063517188
8.112726597688928 -2.3022130908156355
-1.5263872238738467 -2.8156850455669167
-2.678577473737908 -0.7222649957187935
0.9014656290001929 4.655162207521501
-7.0617370580995535 -6.64686343584424
2.734877406280404 1.7886300297929743
-1.8747192281481764 -5.924423487456844
-0.22017257737607637 -0.34589193808034624
-0.5111795180313954 0.9218705876077057
-4.791892411108802 5.537529083335811
1.2217421023946784 -1.6907824817509347
-4.328863971827163 -3.376629102718482
0.8067652422906587 0.9564308075609104
3.343207777535699 3.793385005309611
3.636286614186253 -1.5975288127174863
2.822124047503208 -0.12657273231369953
