-1.7355032932300267 -7.328573422472973
-1.3756925132220525 -3.197931132078641
-3.70752174814302 -2.289043947891427
-15.648481904244177 -13.153911911536596
2.66989475843938 13.832913942270068
-1.843188055616603 -3.6728877925782046
-0.5421154552652655 -0.3187371119704783
-9.733166521697944 -10.345120342469299
-2.757345410571829 3.646781992516555
-0.7141335587295183 7.4354512454227475
-1.0093277976418094 -0.8549928837496257
1.2972779438989894 -4.614071199659925
3.212890664586877 -4.582341920063276
6.96057170752059 6.648802583786259
-18.931812978816442 -16.200536635351238
-7.2900658678337535 -3.5337193834854426
-5.086871167459176 -6.0532851407959445
8.710384409625734 -5.528216680509032
-0.5586226925116735 -8.146477838935972
0.16546640456311257 -15.568265752408667
-4.589071613157461 -5.161581368887914
8.22742172904318 -15.231298516215608
-1.5504285564166977 -0.19199368140469672
8.125753583046626 6.748587103569441
-0.33472641684247423 -5.026273710121829
2.3466011715332034 5.660630030773426
0.39286806784047407 9.728817486833162
10.5212364302163 10.379100961888499
-4.081454528697198 -0.6464500335103278
-10.605170364473466 -14.341189103933127
1.5713533095380785 2.6555949364160973
1.2473064932819602 5.043050197122808
7.01390891795909 -10.612533498309459
13.252643758085629 -13.287220390391536
-6.899998023009979 2.4892521756080184
1.802919079456699 8.414496853990848
-3.8802318122335757 5.242034362820713
1.4971555287384672 -5.353408620978076
6.151310651780171 4.45436268836607
-5.981488944152938 -4.37675254172479
0.042698406157843594 -0.9649835534646802
9.38064561445458 -5.849757945732289
-12.794498520656306 3.895738119303612
0.31630317014420106 -0.3438777813356736
-5.181769907739984 9.910185876721636
2.2737707708765655 0.34319650322612993
-3.0758260522825216 -1.7419556317715381
5.1849917225000715 0.0734317282922933
-5.209355414267155 -2.6933270108352527
-0.6016858623678911 -1.3289065771584498
19.25307185306759 -15.293606060948695
-3.1930773057523014 3.282895845959495
-7.312086570698693 6.060067085313955
2.010936776706836 -0.4630789483282987
-2.267166578047118 2.348164749678836
5.378221715156914 14.594583043143324
-20.544016404331646 32.58432569714744
0.1944351566267829 0.051003197529036204
-6.012105835113902 13.15640183594236
1.762944328866706 9.865830142672099
6.612400487225326 0.27960572686527263
-8.057592555181117 2.7173785415778324
14.143663317950548 -14.985504641542548
1.7976439676341827 -0.07935254659641339
0.7845090353004944 3.0465118782279412
-15.798643974519575 -0.04277679122517871
-17.349708086107494 18.48046255118535
-11.349592560755598 2.67279096156434
0.7465873265570686 5.332771086585055
7.241569679943695 1.9186040265210633
0.7445286819391956 1.3647143317714268
4.939036830193421 -0.018162058077890952
6.279824135450593 -2.826412684917134
4.272244077042694 -11.675539044459327
-3.185328727203117 -1.3040326377265476
-12.319080340051647 1.9380016441131647
1.925033522942751 -2.0748365617370794
-0.18764649548149884 2.1756727021422355
0.2881265043855483 -6.630685779637066
6.177354468296316 0.7184441966564034
-13.323710753996163 -1.5648925653756167
13.914116502770641 -0.4092832334310605
0.6662427942100273 -5.869664502268008
9.421343661190594 -8.52011350194224
15.145345555299626 -4.391118162375783
-3.3066003677279605 -6.055046367314447
-5.755337742228424 -1.5780421900303527
2.233987321284765 11.323093845029904
-14.98143955615918 -14.10519642138253
5.164206011486983 3.377095796106852
-2.656130340632947 -8.286631807271743
-0.35741004623130906 -0.5666571581890077
-1.1374671233192224 2.4261120443307993
-10.837416472435178 12.620577572368784
2.075419491505566 -2.7831680374552454
-7.459011756231586 -5.833343432636832
1.9580280427471521 2.3181471127970013
5.368672049699379 6.094915218279311
7.597104160043723 -3.4507783575541686
5.423364930992161 -0.2358968200604721
