-1.0025230762188038 -4.180848124802774
-0.8266213817646284 -1.9815562668123952
-2.0102756403916056 -1.2566669796469574
-8.474226180024967 -7.113043791481054
1.7648790174177904 9.1495755059115
-1.0266472405913696 -2.02949185970607
-0.005227483484803119 -0.12676805181968923
-5.139662690537568 -5.466535337452223
-1.5475076601125626 2.168597945593696
-0.4231409411587201 4.559957245458518
-0.4718368054564107 -0.41268894512794596
0.7371070254120466 -2.5765718798263277
1.7141864965423619 -2.4618185428339645
4.270883779445123 4.079185096757667
-11.032321417339297 -9.433351194135716
-4.432666823199241 -2.129059947665925
-3.763093059684603 -4.470230161805786
5.7761852352554275 -3.6697391444997978
-0.29758248796207853 -4.683842538598471
0.15432941299861522 -9.012257921767906
-3.147490665083602 -3.539152159538665
4.495501245881149 -8.22087054632911
-0.9962873546510767 -0.11317402579980203
5.2870958772959815 4.39878258242191
-0.129613494286651 -2.289466894562404
1.5710677173997474 3.7593264425522794
0.27863439661023703 5.90459710598614
9.010413428293525 8.888674159905536
-2.569733838492207 -0.3968753532688156
-5.495703389384319 -7.452330844974887
1.1836190856928785 2.0220150941540234
0.6428239576643202 2.544282561370786
6.198890005692565 -9.441818753387414
7.815451762864792 -7.786455949522148
-4.844631845200819 1.7795102404541687
1.249013025535056 5.818361712905994
-2.8162656508338975 3.832586864903183
0.8840555385736901 -3.0741070399576325
3.5621758349113355 2.5861299826918502
-3.7327856833876387 -2.725783116630409
-0.08372012993984845 -0.6640866256581683
6.876651772825488 -4.327546923675283
-9.205513517810147 2.8609718976994065
0.17588562331052804 -0.2514565686715856
-3.131609969129734 5.920222580105321
1.0108430222076465 0.127085295560315
-1.4027271241830945 -0.8118253015867511
1.8624363854394517 0.048625727444859865
-2.478973507665863 -1.2695985809467403
-0.2012271987349879 -0.3824553872593739
16.942073416015493 -13.469487404014314
-2.0802776091369934 1.9768994306067162
-4.43954859587094 3.7537455497103327
1.3337473929111432 -0.26564702695915104
-1.198781062602748 1.1921095516438518
3.1608876186839403 8.510637049267066
-12.931679786025814 20.70218275024026
0.0010921015839384929 -0.03989476361947805
-4.269206997997136 9.303479366257754
1.0581771538578748 5.8363519600530225
4.2832205199569415 0.22245506520244596
-4.313996608965892 1.4203111576244445
9.682318862549742 -10.25409941998482
0.9248130966402589 -0.06730623338026809
0.3920151973626199 1.5749904774730465
-11.099752611037276 0.005192003044792913
-13.364696290506618 14.290615256309962
-7.415925574548508 1.7334509860392595
0.46875366652184114 3.6777199401411313
4.982413606196471 1.343421573505244
0.21867345474258945 0.4370699518509871
3.2536576551507626 -0.040055873748952746
3.160067808413844 -1.4020909085346527
2.845810874556882 -7.711307140649779
-1.9534164863568382 -0.7946819187172515
-7.247008377604269 1.1614269670804567
0.35900597152343494 -0.4286664083712407
-0.15879727189017145 1.606933777066288
0.19565357766090619 -4.964673342672965
3.941096165187516 0.47118024401730146
-8.86743325239655 -0.9885343023390333
9.055485080107943 -0.2898395241995797
0.44840286248577005 -4.342778695453476
6.825419543513039 -6.133078506845437
10.005528862451932 -2.8582905076724376
-1.838886342179638 -3.3852464469867227
-3.5171996251766604 -0.9533944366410152
1.1543445641430479 5.93170639635698
-9.560464449527922 -8.999588156149848
3.5578332536716992 2.325995444569375
-2.041574081246102 -6.435414168017644
-0.2699873097293652 -0.42432505146881216
-0.6567484264226258 1.2421676805187296
-6.280201249333496 7.267489977629149
1.5317563970264325 -2.1064220130667337
-5.139494859688334 -4.011297855453453
0.9792162735276009 1.160477117270919
3.874141552281647 4.396608191847388
5.030915224224646 -2.2357254067323753
3.5796683307368564 -0.1598150174379034
