-0.12340055967256615 -0.44890096789595224
-0.10534849205923352 -0.23311759598724163
-0.26509359960339807 -0.17711547371172173
-1.4466306837687077 -1.2148045068808981
0.18406821297771164 1.0297589496455464
-0.09719928216720634 -0.17028136694109083
0.07981292293418099 -0.02515557996522636
-0.21486899646100033 -0.22806983902487774
-0.19892259279744295 0.24768093572304437
-0.07325454746520549 0.6659824037588042
-0.07116301174072186 -0.06789249939364564
0.061017068251448266 -0.2719617454301559
0.16740890399177036 -0.2943805023981459
0.7803923366901035 0.744304113833553
-0.48873855037029146 -0.4197145128144947
-0.7644693853201194 -0.3722632536424008
-0.2297953390807357 -0.2675995440523758
1.873065360339566 -1.2097825280882384
-0.04370990429840667 -0.41487921869675215
0.027095820906953116 -1.965429688930445
-0.3906043946346241 -0.4367306016504871
-0.09090572100908123 0.1123958540896921
-0.10822931154126866 -0.026302430705375218
0.3863843544255009 0.3190741400788804
-0.01215839158622382 -0.0004387070749263481
0.16182727289328075 0.4153278523073279
0.029685735295308515 0.8120916302246006
2.9013211925718485 2.861945604282453
-0.42689013605312787 -0.08067308851695845
-0.7569094338993752 -1.026731404487005
0.1435022920304493 0.2652902083945994
0.11619910886967874 0.4695252267340384
0.8025414732429896 -1.2898582150989797
0.6712029508835882 -0.7099423671987937
-1.3792362149251978 0.48698109793448957
0.06895374689707898 0.3922843128749318
-0.12400523971995367 0.11434262740039997
0.05219204561396148 -0.2734975902016429
0.371663398493712 0.2659107361841725
-0.3732498835863213 -0.2783075109815557
-0.033967666975045094 -0.03199271422368524
1.1574577471790854 -0.7697303949399881
-1.7261662297157816 0.5210730944193174
-0.013396014871328295 -0.05393153673271017
-0.37856582221633067 0.6428035209153187
-0.035217731126149385 -0.028756997406719054
-0.16048594887735756 -0.10554497208311953
0.008312457109919177 -7.892333807948916e-05
-0.7607292699621484 -0.3915471032187088
-0.006833294049593671 0.024761391630102263
4.758093964497397 -3.8144456295965594
-0.17230323450762305 0.09610400573075595
-0.973447099193689 0.809128007562274
0.3970527604063948 -0.08653190601448113
-0.14383106461442624 0.08852720735770067
0.46999927920638773 1.2790411722296893
-0.9669363611320974 1.527714144210747
-0.03986125391345086 -0.03383020127710595
-1.2244679715777185 2.6069695475944066
0.12221176631134548 0.7664790353591278
0.643485970930327 0.02808738051847884
0.026659349689410243 -0.04330266737798216
0.6898165566092771 -0.7743114822105247
0.018823752084547497 -0.025176632194796877
0.013052071003235403 0.12594229106064664
-1.457293675064497 -0.01453735807709827
-1.9716278384411599 2.077009984190203
-1.7194614490728077 0.3810968388501799
0.06865304432580514 0.7444487799373096
1.2536194712253579 0.3299793184024212
-0.03921908886271894 -0.04524323899437013
0.5026646147043016 -0.026856786278866458
0.44707529304047977 -0.20432827387937036
0.2778733121128235 -0.8280571270881467
-0.2416015140477808 -0.10840968983638548
-0.41298196838095447 0.03952295223827383
-0.12321367671621214 0.07660251879160167
-0.033710568438127995 0.12740009717919948
-0.00025233810467369285 -0.6659230515892919
0.3129256458125358 0.02134900181833748
-1.7033274055635763 -0.19410140691907943
0.4628560135809746 -0.041897713173803544
0.06624543995777672 -0.908714971209551
0.6453362272446523 -0.6208081103440118
2.4280735717238286 -0.7000878382110921
-0.18718662084818788 -0.3253562328191099
-0.12953568181574918 -0.051654406045308875
0.02874830061977308 0.261785780264473
-1.732675594866088 -1.631582267274217
0.3604888670593739 0.22881233067359638
-0.595830799510574 -1.8532801549648652
-0.06022249165300088 -0.0837173949643496
-0.16343732901190425 0.21026545825368526
-0.7486819241008587 0.8100303808707225
0.09180003655029981 -0.18520612115453636
-0.9353911955497147 -0.7330976810790131
0.20382777223508997 0.24524269958488631
0.24698199078929522 0.2833902333273148
0.3465774756160108 -0.17085144443872635
0.24397225633469358 -0.03683839865949021
