-13.101519508602355 -65.3785457663764
-14.794982881076725 -39.782120526758824
-31.090926175095923 -18.029324627803817
-67.46012121698485 -56.5562041385684
16.51303221554188 78.51764011173822
-30.89822606981768 -67.43547847677549
-49.864050638614906 0.11510268855619228
-71.0064415271881 -75.60061482449771
-14.290506313684856 22.38679081106351
-5.048234752091357 96.57722174306485
-42.31568800213438 -32.75886565939506
29.059888538194542 -78.2862801234539
55.5611358023333 -68.88321224171199
74.57022451552105 71.37653543512891
-91.59826203473621 -78.20268428838446
-62.476128673675284 -28.952183581226414
-57.343148415725146 -69.07421991580534
54.48367564056113 -31.343674838863606
-2.760563666187492 -81.5639372266045
2.065481046291912 -78.06799697991896
-42.48417609090094 -48.17848032614057
54.627173502496014 -96.05325793505828
-14.750984126592328 0.9727795292568934
59.00003041284693 49.35084009112765
-0.47398633479632546 -74.20668990488979
24.075406297423513 54.09355370535964
4.011909315205655 63.96512554238898
84.14494312222449 83.04016045259449
-60.712793748461564 -5.304995185214981
-56.8093730996153 -77.24183427637081
17.65042166109453 27.735163993090914
22.815257651602263 78.7315570639234
35.39651055803713 -49.70869798127809
68.87851038301457 -65.92386507719871
-53.34805455640495 22.537942665704488
13.215192015988958 53.97187303728393
-24.598620780120843 38.18517292229134
26.903902811112683 -75.53296923104902
45.710082090018375 33.68052652982858
-84.9308911082443 -60.89412212610644
11.032492523921121 -15.270723510350743
69.54378627795914 -39.492036795494144
-58.79374672058338 19.14158384304926
6.991035931166553 -0.353822222506953
-39.56587754154628 82.6186322546115
43.79258614728036 11.599754278000626
-90.57142907471018 -46.17673607622757
75.30180473893745 4.61110224840448
-58.591790810679406 -28.6871288146423
-15.917955911325507 -53.44971307290612
82.72358325656134 -63.456442573676945
-48.147012165198966 62.65790955021642
-85.20835607466482 77.05178203086979
40.1414313959176 -2.5304506075376114
-66.74038182100882 89.36765656962852
25.277149698369797 66.8584277666853
-53.27655655837059 85.54369644511307
49.34307728006633 34.5804135545469
-31.079425620597448 73.02691623260718
17.235639848514268 85.11595907839228
66.93988226478207 5.175446475188851
-71.86241978428475 28.731243558882802
85.535660245545 -86.85402678668785
26.416602193517974 3.2904960864362485
14.72103183080061 44.00534881936122
-91.90782318109866 1.5597873379335896
-78.20187303237428 85.5549103229217
-64.63424690881509 17.360068578697472
16.439197209037367 83.56791287617837
47.1362171546844 13.589975093313786
29.366632805814234 46.79293485136497
55.01234901793555 3.2376479015100057
74.71573332758373 -28.265565693295866
27.564534409182627 -67.7492794556405
-76.66899316061549 -26.935601752186457
-62.33168452765081 11.493580843325391
59.384826875456184 -47.913809519321056
1.9065537079865875 26.72043895576374
6.729835544383426 -66.79699523633438
58.160341609793065 8.892509318998908
-84.33862133147363 -8.602689130252744
70.56877413861989 -0.43595725684602965
13.685046395481013 -74.87982567593376
85.59342295856877 -71.58503841284058
81.69242508513592 -21.79140316516893
-26.767584346559914 -50.98137479160174
-73.63808588524408 -17.475842711280183
20.540032869242655 94.5582254118939
-93.27489195656456 -87.7373631180302
37.82852097175555 25.487955411876335
-18.694848714397455 -62.53585077532428
-0.4164128455531113 -2.1032710885026527
-15.715408629056267 50.76610903133843
-56.63144642755074 69.77213234584093
32.232911116396956 -32.62930341565216
-28.324188009965308 -21.94754298977877
26.377717288478173 30.54217791798085
20.188911847212395 22.813984248453245
60.852682432897865 -24.918450637417273
82.62719219076159 0.9050346153244273
