-0.1886287475966621 -0.7237891583900735
-0.17318110083870517 -0.4102560030619433
-0.44139259427664307 -0.287596857655078
-2.195179259620972 -1.8410402579694027
0.34085101326419387 1.8130810701580047
-0.15764051389172923 -0.29462035326388336
0.09579494441645581 -0.0273596473940089
-0.45037818427304877 -0.47961130205066294
-0.3721097451904449 0.529540781397771
-0.09324390667402328 0.9622404156924163
-0.10095608082817231 -0.09514907582537052
0.12159206850229581 -0.4524334627098124
0.2394469559137986 -0.39249823863391653
1.1942513881108807 1.139754515584549
-0.9393332962408968 -0.8035327872447222
-1.1370506284517108 -0.5475803686310237
-0.6554592353158504 -0.773654132826009
2.150583141895333 -1.3829856982760291
-0.062247055180805054 -0.8294253003167105
0.06182609106138598 -3.120153516757016
-0.6312589853647179 -0.7080359850723814
0.004245779261556046 -0.035786038201347625
-0.16482708612684868 -0.02683341402042748
0.6329037419795108 0.5252013863448648
-0.004414033316939786 -0.02137868615604452
0.3003692692756525 0.7389786292123912
0.05362715514625038 1.2217168388784452
3.7084276266015124 3.6581573489343193
-0.5928145095079038 -0.10235616019794105
-1.0686858487640316 -1.452612170267531
0.2906523182585695 0.5160102858102328
0.18210107437276377 0.6960484440585512
1.3364302274617463 -2.101611118775431
1.5624667382183013 -1.573940113092741
-1.812756333525707 0.6550071821975197
0.12383382782310746 0.6421504098420452
-0.29792257802524924 0.3618192084014678
0.09579425323832412 -0.4051345210172155
0.6878086745428861 0.49804529339507997
-0.6678590969048726 -0.4918798595239597
-0.043083889087133544 -0.06083211655704067
1.4831698828573168 -0.9718730086636386
-2.5670156698521165 0.7953633922608613
-0.0002569603884640184 -0.06972645548180309
-0.6254973432280594 1.1159915183561642
-0.0198772136819195 -0.0262997692241856
-0.23493254458919532 -0.14895955557016674
0.033884491911138605 0.005360574775732068
-0.9727362208377854 -0.4958035464323482
0.00403587515266367 0.053137877653943365
5.881451371000013 -4.704357655542593
-0.2881267986311858 0.19640302037328905
-1.6497596723814125 1.4045488824545758
0.4852476701114341 -0.10054946301749314
-0.17929129832182217 0.12742521548138386
0.7576198849640375 2.032818838739206
-1.596933683345315 2.5634881822604543
-0.04657916084316725 -0.038206486781577745
-1.7263239114173383 3.710128111935781
0.24159546773420593 1.3767547882947013
0.9207422262361831 0.04736001142936741
-0.03579551184937069 -0.02268584992750471
1.0420525273514318 -1.1400454652162142
0.05944759838797795 -0.026558375312753433
0.046716730880096945 0.2526232228949256
-1.9958390757299318 -0.011344671782537487
-2.723880543897307 2.8871603130579215
-2.034725985939942 0.45571956846456074
0.10967498663105128 1.0602402893900624
1.7756046474724585 0.4755573939239191
-0.038622492043860965 -0.043455457512365216
0.7751140378202852 -0.02797738496028195
0.5625426039480775 -0.24966486726646597
0.560614370538574 -1.5744931106813351
-0.37632556846846976 -0.16071595137913622
-0.9187224844848284 0.12885977551775918
-0.1576163669780743 0.1170073208997999
-0.035635020423113284 0.17651684809699722
0.024224295187710482 -1.2170462183510813
0.6264272929254594 0.06607384688387197
-2.2598455224237886 -0.251456153216401
1.226827400689956 -0.06433971018568338
0.130586177688295 -1.5228323982830287
1.0366504089994086 -0.9637309913056709
3.4250085523300604 -0.9763620485800253
-0.3672580016804041 -0.6625243588854826
-0.25169238032633856 -0.08133812992277915
0.0905046890391047 0.5732457776987803
-2.6799662794050416 -2.522677924772654
0.5434362475158302 0.34933511432635633
-0.8404543926621398 -2.6328550127515937
-0.07473145621228693 -0.1076845061340342
-0.19729622884431147 0.2752702908512849
-1.2904255982274169 1.4473726219775311
0.18359736748178793 -0.3109747250809114
-1.4778325028615555 -1.154852477198252
0.273187471117243 0.3268402545547223
0.49207904016035364 0.5610624344584705
0.6224230161367306 -0.28099843244272477
0.49395769692795266 -0.045481513072043504
