-0.23123386004076465 -0.9067860663244093
-0.21508934676046199 -0.5190022554402733
-0.5502526527424532 -0.35533771732315395
-2.7106847685514586 -2.272452365554977
0.41199678946942486 2.170957635950789
-0.191656358395762 -0.36399573181565115
0.10486014324016606 -0.028316560787122063
-0.6086131803898245 -0.6484605734832045
-0.5008402351951011 0.7380735514882701
-0.1041856522656181 1.1100079363899615
-0.11343354832602365 -0.106304734417632
0.15734013197354202 -0.5592354895829661
0.32457547730816033 -0.506871698369951
1.3819670056784839 1.3191300766400407
-1.2270040909309623 -1.0488137808628504
-1.4038452278427658 -0.6728558933978825
-0.9811268535844188 -1.1610145283614244
2.419293769226238 -1.550109444284741
-0.07369122209904044 -1.0910500182325968
0.08806034432901623 -4.016808294032006
-0.8202457312786687 -0.9209811916278882
0.12196087693514124 -0.23423151924185537
-0.20591728262902265 -0.02737095100724623
0.8952410779910338 0.7443605793635036
-0.0011534142586641474 -0.05291428715002558
0.3998257404907118 0.9720181447913112
0.0772166222974901 1.6040129193642438
4.060716441672808 4.00570474535592
-0.7186547550821855 -0.11965107499070163
-1.3035984014526567 -1.7736363470188623
0.41199125902833084 0.7215843485699482
0.20352029281566905 0.7718764765311282
1.6587898564841062 -2.587783914133407
2.2357205052001214 -2.227848786427036
-1.9466828090250383 0.7057475248353856
0.17900479593496535 0.8876876690391031
-0.46337020189466316 0.6006327670686926
0.14437993968560203 -0.5530029531243326
0.8330845753568894 0.6044218044470873
-0.8996691150779356 -0.6596814834461622
-0.04916084087207375 -0.08890514228756724
1.7625699716037384 -1.1455684328258364
-3.134328531966382 0.9790206009440934
0.01070883301305673 -0.08091971180961431
-0.7978394892955679 1.4498672260718655
0.001766521825173284 -0.0218991632460138
-0.2765095799354166 -0.17292986488984663
0.0671460874848639 0.012157948186131194
-1.0692500211742664 -0.5436303673390677
0.005974461272860995 0.058828184112643844
6.94182235584875 -5.54296881609039
-0.3828015806289444 0.28433766023676016
-1.850707161008085 1.581375919403988
0.5418257818388119 -0.10874901145967154
-0.2180924363972701 0.16960821846176488
0.9547111407129041 2.5511508524804927
-2.01441046354454 3.243309480656791
-0.048914150165032755 -0.03980963424779229
-2.0053813526067774 4.326444570374312
0.3233364269259412 1.7984954522632353
1.1386168964130925 0.06391949919377662
-0.12204435586644086 0.007081661095046918
1.4180028621560954 -1.529801389998442
0.0916716776234544 -0.02686650899110641
0.061873290747376825 0.3089749809967628
-2.6564928420178893 -0.0071449463980781894
-3.332985971671792 3.544471640726889
-2.1948949152717443 0.49420948253914704
0.142181148141086 1.3080417320162272
2.034414066954398 0.5476103500098971
-0.03606677586195367 -0.03781535183306266
0.9794654938606174 -0.02803425123235021
0.6802046089347431 -0.29523725491985053
0.7050410852931409 -1.9545034593281385
-0.45731476841875307 -0.19163956791901005
-1.2805553269773593 0.1928271705090991
-0.1930605617341566 0.15989273733353265
-0.03837317030966211 0.21893562552116055
0.039259922141498635 -1.5400936131428313
0.8129442701490568 0.09223470135222353
-2.8479335742718055 -0.3115092517123092
1.8111484351389953 -0.08039467601541843
0.15484293992427306 -1.7464765754205864
1.465164038480828 -1.339560469740221
4.256897661749932 -1.2047623317038325
-0.5184383183436005 -0.9458707843113527
-0.3700150478375882 -0.11147757926265871
0.15344904133267762 0.885864793541649
-3.272989337120473 -3.080510209244346
0.7525722231186486 0.4874644556034615
-0.983600713832438 -3.0927979172318136
-0.08596697732786662 -0.127268948324584
-0.2244131547497468 0.3276510284046395
-1.5880121315949514 1.797150192846567
0.26990160009444153 -0.42355238496413716
-1.9310046576579678 -1.5069732554399153
0.3003919670551556 0.3589354318304724
0.7649648096745643 0.8701474482646139
0.8149661680857131 -0.35874504768943793
0.7057233019693874 -0.05144369267810177
