-0.29624462891894243 -1.1826619400268468
-0.2744310479167984 -0.6704709916923921
-0.6909876380827548 -0.4430174324681502
-3.2152097865543854 -2.6950545727698865
0.5002622856045669 2.6205948984957335
-0.2420502282271319 -0.4655720744518357
0.11621942087257364 -0.030602762395335527
-0.7906261253279108 -0.8423442898835066
-0.6266481160129532 0.93585382212961
-0.12281489411339916 1.3507914453526446
-0.1376779402372677 -0.12797098015702768
0.21210034205687772 -0.7275686262036345
0.3974139536959955 -0.6084423366324639
1.6046239747488844 1.5318767754364992
-1.6113676917547588 -1.376972270044034
-1.7421490269287023 -0.8324889896913763
-1.3692448192384818 -1.6224158974410585
2.7830603972083408 -1.7772767297361414
-0.09052731518996382 -1.4445956257313017
0.10335079174918041 -4.617822053297669
-1.079258196096912 -1.2126288697254042
0.3370902743405525 -0.6056655290532496
-0.26395653812262715 -0.02968197715778671
1.276480889520434 1.0624818808824124
-0.0019753762510507783 -0.11244201348727162
0.5539258267735521 1.3344588641206325
0.1116226492412379 2.1836831381234756
4.514320314408075 4.453195861997681
-0.9075899102217112 -0.1465576093914696
-1.6073325144385953 -2.1880022911868435
0.5244743591783487 0.9125774610471995
0.22216672113620586 0.8419514687162644
1.8963246344190052 -2.947086727953153
2.920869246486708 -2.897598336694842
-2.1829209697515983 0.7949534761350989
0.25955684310265015 1.2508115605851375
-0.6684207403256692 0.8907461318445642
0.1898720599235346 -0.7006912633317695
1.0327793335990614 0.7502211266602092
-1.1121491870950597 -0.8139343940972694
-0.057714185657180575 -0.13052189026190397
2.199198754251323 -1.417597001798721
-3.629602260811071 1.1368633238769963
0.020824206175592528 -0.09197570656695193
-0.9437462457293009 1.729877923162492
0.03429107837970662 -0.017128390400314643
-0.3347336100679414 -0.2066799887303747
0.11492240901794631 0.016993490150064978
-1.1456680677382878 -0.5819981749574433
0.003962725465646747 0.056916426691847447
8.270870597987791 -6.595391900449079
-0.49183262234604724 0.3859876505093566
-2.144239544946192 1.8384432059522755
0.6192922568392785 -0.1206593661530948
-0.25707004716591475 0.2103313236914581
1.1445531781012426 3.0542207536150396
-2.7569637715861286 4.449785974126749
-0.051595620392758376 -0.04243661194196106
-2.3741082240116174 5.1395369240158955
0.3885953168302345 2.1406004524932074
1.4140636933294588 0.08339390420666351
-0.28677329512172445 0.06271788339605663
1.7567868361607752 -1.8849273011126169
0.1363618378324188 -0.02890583144112298
0.07991995312810073 0.37846390543706143
-3.8049298244847827 -0.0006534802253111149
-4.27510899133881 4.559255857808717
-2.4356294277432498 0.5516362189880724
0.17237936436371032 1.541122978363928
2.338684008964951 0.6315723244034864
-0.03095534349813908 -0.0264114795278849
1.2561898517923922 -0.029191890522128627
0.8097861292027482 -0.3481209293430729
0.9121692883352165 -2.5029696979028477
-0.5703588943607903 -0.23541468727589687
-1.6494243209123534 0.25550558292120673
-0.2237405829826555 0.1954755183137301
-0.04382768254257775 0.3013642797271183
0.05594433459838105 -1.918897132274719
1.0785050329444825 0.1283151972745255
-3.622263196727583 -0.3922517100778279
2.5812877308426994 -0.10294167692603062
0.1816859212209221 -1.9996128968556959
1.9990177798282462 -1.8106132478555383
5.116391615829089 -1.442608499535294
-0.70733696212377 -1.298562261108724
-0.5871092964424092 -0.16734153330026885
0.22798151113012413 1.26127178294714
-3.686114186172692 -3.469214207023134
1.0319211519678393 0.6715002819875111
-1.0938462297852496 -3.444758175440129
-0.09774485803645971 -0.14689403262667897
-0.24531342369424763 0.36804164785652665
-1.8842874809875179 2.1436359656687984
0.35563711424161104 -0.5386897387960514
-2.356037528603921 -1.8376067266124623
0.3486278668885915 0.4158785828648595
1.1406928012599555 1.2959456840572265
1.0510000900869272 -0.4577234683341266
0.9816058348082904 -0.06030737273603988
