-0.028230899941668483 -0.09751929977526017
-0.032909147193849984 -0.06773847216209469
-0.08531737627017062 -0.058396728439190485
-0.5244102521434979 -0.440633474421991
0.05198166741611273 0.30745405309384244
-0.02663922688138122 -0.04337976859030881
0.037245258946966425 -0.009826762262569334
-0.06158028757867851 -0.06497793654547632
-0.10985170238735367 0.11710189604395398
-0.04079701208204138 0.34910971604996255
-0.012205357787873659 -0.0118219369046829
0.01561934688289321 -0.08792018305204545
0.07941208575715011 -0.14265252029778877
0.2994765112554762 0.2855185218051848
-0.09148352542903371 -0.07910680590994901
-0.30652939816836866 -0.15018388349736111
0.0035214080938706614 0.0067219617446844515
0.7959345549548951 -0.5121825985272417
-0.01850736949987932 -0.11510757780668102
0.010573450245816803 -1.0572881374587135
-0.1838176880344144 -0.20508168064162244
-0.06941876248404101 0.09857938530823616
-0.037190127944032716 -0.011231964490053595
0.1809636076945722 0.14902092834920905
-0.009379282473122632 0.006070694754180993
0.05651970550403224 0.151310291875637
0.011316085434405411 0.34889773931813123
1.5288896150747455 1.5081246760973683
-0.20851233805026134 -0.0405085217158747
-0.28830696955363744 -0.3908522986994636
0.0458637014388415 0.08969749682970295
0.05587990759060293 0.2334760618052673
0.29002606768505534 -0.4760590449693143
0.12141401695282177 -0.1439387783279107
-0.6525578382941923 0.2293541243437834
0.02006189738743616 0.12316372182784696
-0.021256103675411135 -0.0037083126579750634
0.018879879208326306 -0.10967291966694141
0.06758067682050102 0.047453623639238524
-0.08230450666513979 -0.06247006797982356
-0.007738892956226924 -0.002494634751696795
0.6355248339770816 -0.42376598380780156
-0.5394530402552291 0.1612408682628788
-0.008390978995657218 -0.021456833943872475
-0.12379788379705335 0.19978504681748005
-0.02539720278832303 -0.01802525700219858
-0.05358656620808057 -0.03605877757510094
0.0001874553245307677 0.00020531161396531675
-0.4648317346500729 -0.24001181155988138
-0.005830110381419095 0.007020154824817425
2.5039710251653373 -2.0069340330626404
-0.09186833490440169 0.040037471312318385
-0.2739366388308488 0.22084918852246507
0.16570826726813945 -0.03521806334516397
-0.07460782492132306 0.04471964666713819
0.163972294116128 0.4498598539385343
-0.5678189582240012 0.8868360990556784
-0.020942927022132532 -0.01803428768307498
-0.5631039653787646 1.1929447965344837
0.04748328360868806 0.3253194917929926
0.3980966832453263 0.014846809761551082
0.026770038218130454 -0.020453877844307987
0.3219238275195443 -0.36575565380218633
0.00039048955080093345 -0.013411496211188154
-0.0013384497509023158 0.030003346486147615
-0.6066527896616511 -0.0060727406052121565
-0.7116785797452501 0.7489176795772077
-0.8915815454763534 0.1974952992136393
0.03580080571186884 0.4118992638135355
0.7231505302249535 0.1885484723943938
-0.021211396221533507 -0.02502258197936017
0.3580722175372395 -0.02394923150969456
0.2269549302049322 -0.10336088980382914
0.10980467565750408 -0.357075390326164
-0.07823600913766053 -0.036584734359311935
-0.0649110282925467 -0.002570941102072036
-0.0812291989456778 0.04654484409033619
-0.014669598180293172 0.05527311072300216
-0.005321629159039533 -0.2077541836989521
0.03385081859040391 -0.0008261914516693243
-1.0566840824447268 -0.12165020805698656
0.04969657850395074 -0.0173712127609072
0.011374396176516704 -0.2029287041030664
0.24175080134842125 -0.2370086813055181
1.2591559172876214 -0.3653571621505835
-0.053227429618901076 -0.08697679991624477
-0.048683019156144924 -0.023886952498064672
-0.0002158025294771884 0.04748122357101768
-0.7571096541615475 -0.7131112996541444
0.13803143803070805 0.08707602726380899
-0.1430941025343378 -0.4444545674136813
-0.028402290290551045 -0.038959849930415624
-0.0798491822583131 0.1018690034928964
-0.32936964098244154 0.344790974246918
0.027650775091100466 -0.07035500466332016
-0.23116556052931694 -0.1815387099526453
0.09888851482034411 0.11916569577734645
0.08250249806659096 0.09535756958174652
0.13578668119586085 -0.07278123208657247
0.055417831294037254 -0.0139699494458057
