-0.08723652106869936 -0.3120182161163315
-0.08057157892169634 -0.17382016256567936
-0.21516810474809167 -0.14510791267910805
-1.1102150823464896 -0.9325552780828998
0.1391528288141439 0.7944043252165375
-0.07087096828381899 -0.12141843124113971
0.06441402249423452 -0.01969603120744773
-0.1559920830411879 -0.16527848071472348
-0.15998537374152175 0.1874617101702957
-0.06558381514072625 0.5775299695865375
-0.05097430895291009 -0.04880805639519857
0.04256133939257641 -0.20541101574050336
0.1364169067634543 -0.24257646436448072
0.5751116223482826 0.5484362848360543
-0.33413546350683687 -0.28743326868741603
-0.5683640309192057 -0.2774582216468976
-0.11258951896426256 -0.1293331076656482
1.5410912798756153 -0.9945628449839536
-0.03456433310310853 -0.28628207430013075
0.02040929335837259 -1.7001571317553732
-0.34065426004040233 -0.3804951078779212
-0.09238769134001076 0.12199339520715655
-0.08169144441586822 -0.021679327748828785
0.33661504243025814 0.2775731906757816
-0.012384604821345796 0.003492810958925693
0.11549258600440653 0.30070923487051393
0.02187800239840214 0.6329881031797754
2.587326583758625 2.5521949725008004
-0.350431099594507 -0.06720340291319207
-0.6096478008655859 -0.8265724206732172
0.10489823172512641 0.1976816827559344
0.09968354759284753 0.4096618025750199
0.6527764005449229 -1.058256802235722
0.4552568204794681 -0.49436868198196254
-1.123203571377032 0.3955134961425202
0.048946152616268605 0.28677492679021477
-0.07519553472217827 0.05394471297386823
0.0388999584076583 -0.21359670619832966
0.2503310376853637 0.1782761917279077
-0.2522318257639829 -0.18893046639578592
-0.025617187618710048 -0.020394524540768687
1.0130002415713706 -0.6751564511987276
-1.4045267971208142 0.4215691337213212
-0.013183827773548103 -0.043225545715245145
-0.287308850421511 0.4791522753964024
-0.0362425985433037 -0.02784653628457695
-0.12084445756933022 -0.0801983742274637
0.003979122824378692 -0.0008966868273667433
-0.7158287154839421 -0.3692097651695413
-0.007151934866274384 0.01624523034855381
3.9416186253498857 -3.160292155648783
-0.1417854672622138 0.07179581426214886
-0.7073411613584514 0.5821650516869578
0.3279273585886508 -0.07159108085436944
-0.11655972267696173 0.07073636489243454
0.37868520085560897 1.0344767654702858
-0.804675427281144 1.2648398108467334
-0.03428904130425524 -0.029320086648085796
-0.9870375258315709 2.0964811648224506
0.09128673921331332 0.5916581849401022
0.5583638097297646 0.022637587250630135
0.03481493219282498 -0.041090625263678425
0.550614265115317 -0.6214829353151501
0.009736899453663564 -0.023430437311117533
0.0054178705839606454 0.08413788802111061
-1.191109847983761 -0.012468934997819496
-1.6139443911795046 1.6979716282070152
-1.5128175562536754 0.3348062845704256
0.05571483358467182 0.6206270040229263
1.0581968930630539 0.27730473266696465
-0.033167136237721245 -0.03858186070656611
0.4333838095747107 -0.025840628014438937
0.38519676187878515 -0.17655594485806603
0.20434214971823583 -0.6280181775438771
-0.1804443539159613 -0.0822542678533944
-0.2693101964339001 0.01891950328138823
-0.11208782871836707 0.06670971006042786
-0.028588831432692894 0.10549414549772329
-0.004528976875021876 -0.5011362167784567
0.2040670647832337 0.010515535950401252
-1.5763210831244592 -0.1808208452064367
0.2563396401874061 -0.031450563604384474
0.04176459055684871 -0.6127050818125399
0.5413367167110718 -0.5256520149494448
1.9754121402533478 -0.571317055826542
-0.13159578778191983 -0.2248678029512674
-0.08952891817218615 -0.03827510957524667
0.014083593502900553 0.16559369128419107
-1.3785280641913102 -1.2982340435958402
0.3108419265564192 0.19657692727967027
-0.4302145497426812 -1.3361132279653065
-0.04917035814141039 -0.06787947528615515
-0.1398076316516608 0.17809124021297856
-0.5777600601533033 0.617393773331442
0.06376076321429795 -0.13902153996050592
-0.685967963075571 -0.5380458883334751
0.17842139011561164 0.21491041389040658
0.19540946580327842 0.22482723901896404
0.2779790041440814 -0.14192947031030723
0.17307187053758444 -0.03112845650718321
