-0.056496994488064854 -0.199727578773292
-0.06377245808510279 -0.13489638439804702
-0.16425579275718521 -0.11145050406904676
-0.8523539770872011 -0.7160727023206832
0.10536477046313729 0.6104729513415074
-0.05075199220099617 -0.08533544371559051
0.05119940121180447 -0.014805708451232906
-0.11555035480644452 -0.12224078536487529
-0.13778200536571542 0.1542917969040028
-0.05770028448166018 0.4999263788168483
-0.03295102471165597 -0.031649458890028466
0.03004639112411552 -0.15429626783920553
0.12070850829986915 -0.21627902669870408
0.4630561548557504 0.4415270025373459
-0.20983824510810686 -0.18078826560486452
-0.469792684737999 -0.2298006614162464
-0.04955901198273577 -0.05513632509941621
1.3616563356907279 -0.878216948346671
-0.02728624217627629 -0.2016105193336603
0.015998654305081635 -1.4568127563514437
-0.2719322416756295 -0.3035731064023208
-0.09021077507080835 0.12321879854727877
-0.06322900951056971 -0.017812315605432973
0.2916073405114482 0.24027144875792633
-0.012245278974082006 0.005466071989178238
0.0848300883759949 0.2234558057078937
0.016951670602968046 0.5075044880186393
2.252446877767229 2.2218563238792983
-0.2998571142950203 -0.05798920063081159
-0.45221204087434924 -0.6130619131635737
0.07977882192191435 0.15271163237982094
0.08665894807166527 0.35952396248288127
0.4902843877061738 -0.7990184820859159
0.2949572137226134 -0.32879742580195015
-0.9715147244246491 0.3415568868604377
0.03634062450331311 0.21765805449140285
-0.049347187288810886 0.022834794115625688
0.02979873742618887 -0.16834917165685198
0.15546832032175187 0.1102644407921729
-0.16273379111895536 -0.12241517511105617
-0.018249761502968666 -0.01196654706534682
0.8573808048749378 -0.5717422299362397
-1.05008788165534 0.31441345890040745
-0.011390679837989068 -0.03323250637042273
-0.21216180772293564 0.3491735293264058
-0.03256370257395437 -0.024074892974196866
-0.09770737712553285 -0.06528863278525324
0.0018124556816084495 -0.0006146990005687355
-0.6326698804681505 -0.3265663636362895
-0.006669977963474961 0.011280480434305275
3.202919072254466 -2.567657577235353
-0.12322799685544061 0.05810705745561238
-0.5004658056889214 0.4086781638037068
0.25759130586853185 -0.0557755094366077
-0.10090330460358275 0.06072180647989772
0.2897388319781212 0.7931424441102191
-0.6919309977830996 1.0841098990794993
-0.030778710512780097 -0.026434842246143127
-0.8075216770755016 1.7128582686110023
0.07008523554059577 0.4656178615283093
0.5006957672460959 0.019404248162309443
0.03512128889946356 -0.03447225968377239
0.46553845013230144 -0.5273624850767876
0.004736397796289708 -0.02038145933799531
0.0015115646124298377 0.058265653586129826
-0.9409256078180446 -0.009823177032839834
-1.2064078726820462 1.269005242006318
-1.4016196161088632 0.3099431815087876
0.0486894047631716 0.5520851899174746
0.944771372764321 0.2468932324086891
-0.02975414635045352 -0.03480774391213128
0.39796063972584594 -0.025278190077824662
0.3206273327633965 -0.1467433823325161
0.15660119762703817 -0.4933795173710241
-0.13080184779442633 -0.06026257794520426
-0.16249987587749554 0.006705770824166176
-0.09760084055339915 0.056940125812649955
-0.023672068592457258 0.0871977957010597
-0.006117785018051054 -0.38611899764312285
0.1266563781321539 0.004348053631488359
-1.3892725082713988 -0.15973319010825934
0.14970501402038627 -0.025752959867261352
0.027863543451062206 -0.4375976644258761
0.43201863210554 -0.4215797959064157
1.6739062663915252 -0.48499433233976025
-0.09079793845157286 -0.15267581936354643
-0.0670155872920227 -0.03045127042258114
0.006512953003706524 0.11368639904783875
-1.1647635549054127 -1.0970001332223394
0.2530541214493772 0.1597696586449862
-0.28656742556634685 -0.889756697439001
-0.04045758107942768 -0.05565205314364583
-0.11235575297171008 0.1430691714819032
-0.45515698768022184 0.48191095425986663
0.046761052061965375 -0.10880076269721299
-0.47529193087783916 -0.3729860252660315
0.15687985183775566 0.1890571593783385
0.14592728130625038 0.16820838429311893
0.2126110970863761 -0.11092400117812985
0.12198267198346519 -0.02502646485123105
