-0.021070647860066904 -0.0720560389115398
-0.02165326197938037 -0.04396670612512844
-0.06225029104084538 -0.042769012098131484
-0.38307859618447454 -0.32189323362937156
0.03296857815787903 0.19702028789749854
-0.01994552923402748 -0.032021194959023606
0.03067877473031819 -0.007839992219988953
-0.050687768088468525 -0.0534316884543545
-0.09200842638853306 0.09689002235898748
-0.035312990756537314 0.3014206443867442
-0.00731748196369186 -0.007131802952236823
0.011248769789610018 -0.06568375487456797
0.06338045874434421 -0.11382712383714277
0.21608553359382876 0.20600730242613138
-0.06165501598663756 -0.05342707319344901
-0.27573288159859966 -0.13515631214685178
0.012882786845663134 0.017456499692799495
0.6330279978808937 -0.4069245074854368
-0.015116637212369619 -0.0887475044399452
0.008323455766342195 -0.8535213354962639
-0.13987010380106715 -0.15602295977581948
-0.06292234489383972 0.09025026459787819
-0.030134847143824417 -0.009306034265110615
0.14621477050381437 0.12038768184162069
-0.007386579389991465 0.005278364485021443
0.04970041524101915 0.13365469022835214
0.008674301100687226 0.26903960395981846
1.1884366609261479 1.172296009890836
-0.1868665290266056 -0.03633838459601715
-0.2290751418339741 -0.3105624216079645
0.031205996401647517 0.061578955457190276
0.04740907910982481 0.19843861912293598
0.23106400265335228 -0.3801955806601753
0.07494496704220764 -0.09249015000181621
-0.49616207468752166 0.1744373393719457
0.015341433126274482 0.09499224531719877
-0.01437444338967658 -0.007878158684231076
0.01505156230170564 -0.08805277169138002
0.04438332478023011 0.030983827753647872
-0.06285627203337567 -0.04789331315051741
-0.005000748692879884 -0.0004670491271632567
0.5138581016563255 -0.34257462953288675
-0.3671520761822926 0.1097069886384519
-0.006300097538308336 -0.015451524999702416
-0.10207439251224709 0.16360993202491064
-0.0201399552833981 -0.014102850140331578
-0.035947295753938124 -0.024253792254118608
-8.337806831551259e-05 0.0003701457322022439
-0.4274293483193617 -0.22071228392251258
-0.005076806021898439 0.00561434592528435
2.297738305366458 -1.8415232512436333
-0.08107027482388122 0.03460287407466452
-0.20061871936384107 0.16088633572910005
0.13373114031845745 -0.028197999192814134
-0.06405021870328832 0.038409212772806775
0.13493270315759348 0.3704582031275522
-0.5309236144116559 0.8286575082652144
-0.01766563623407703 -0.01522003792360852
-0.42214872606160453 0.8941060574499569
0.04015661748420676 0.27752502482804203
0.32984421945805853 0.012211017809009187
0.02180426787779008 -0.015281155287411155
0.27112833857976226 -0.3082576875577489
-0.000343867855342532 -0.011968402595420502
-0.001792760046652342 0.024688232274277997
-0.5165907726636407 -0.0050819971984946725
-0.5481111216406106 0.5769395703369855
-0.7480999733687863 0.1658500845878872
0.027077686578072423 0.3123781956452195
0.6410785758783819 0.16707471486917902
-0.017677486416676498 -0.020909161676683604
0.3337302493592882 -0.02253370872959833
0.2013832958053741 -0.09156870126996676
0.09817110549722027 -0.32190040860957836
-0.0645241743978129 -0.03031882178604869
-0.03719251015233279 -0.003801766451053034
-0.06767670970742712 0.03865232228406491
-0.010573393129482737 0.04044079640196877
-0.0041946706213376195 -0.13926586318487383
0.01373081954940494 -0.0016455757077362245
-0.8084938792915732 -0.09306735300361993
0.024303445710376737 -0.013066431460866005
0.007568986493446232 -0.14503558113089593
0.16099177599685724 -0.1580717970084725
0.987868303755639 -0.286714977619566
-0.04052969964788148 -0.06550268510702312
-0.0381923001430821 -0.019134348088153327
-0.0013151366810500973 0.029450428838977933
-0.6094370307722743 -0.574031705563234
0.1075269929027834 0.06782264071701953
-0.1115250543525257 -0.34649155925309927
-0.02361567298334092 -0.032378832847975526
-0.06502099069865698 0.0830917053482283
-0.2889629711723292 0.30159869783771476
0.020775561303232205 -0.05450363679673496
-0.18286115659145213 -0.1436478819778893
0.07429574262120497 0.08951900333925762
0.068619320940208 0.07938765465779396
0.10151951048492473 -0.054880038535202236
0.03250312449500904 -0.009159234878906023
