-0.1598307974510893 -0.5980548384011504
-0.13677698544821726 -0.31321199179716974
-0.3480498046880384 -0.22967230918106643
-1.7450685202992502 -1.464564288663341
0.2530367654628616 1.3792224555513566
-0.12418556914078352 -0.22455648718894855
0.09101433283871382 -0.026901971650944774
-0.3197002761765991 -0.33996565956931346
-0.2687231257556465 0.3587935590114947
-0.0826949169103913 0.7953070895521848
-0.0878077912426678 -0.08330538578695415
0.09025598201450383 -0.3642619145280599
0.19557473317673515 -0.33364697479147504
0.9608497987558764 0.9166912250151673
-0.6881602295266427 -0.5897379621198373
-0.9497847898166456 -0.45998255990065684
-0.4039948543962252 -0.47436045578131636
2.0006367037291626 -1.2898495149384612
-0.05371955850746221 -0.6047052303329632
0.039434817278693156 -2.3873166678210325
-0.4827717853531795 -0.5405745686217542
-0.0592748669804635 0.06312816035651089
-0.1342216469440928 -0.027504406437051203
0.47064516916294985 0.38951822184217466
-0.009576938829795809 -0.0073915972634437475
0.21739462560594872 0.5461961207110562
0.04144484060297467 1.0252735638857922
3.50949387901885 3.4619000515702054
-0.4885613713901953 -0.08895528773986362
-0.9220929639048802 -1.2521036453332368
0.20730113058577646 0.3750180122670233
0.14407384629976683 0.5672086560998584
1.069835392909099 -1.7003707940888892
1.008340402698974 -1.0384210475172446
-1.5301688175032024 0.5453348041341399
0.09467160413644889 0.5127744557958782
-0.1984781229242759 0.2165904446412098
0.0673404047486548 -0.3198545572339377
0.5118941101325961 0.36855905634771435
-0.5030258720853642 -0.3727346353857793
-0.039614717944183336 -0.04465152646664068
1.2779369948989645 -0.8448367918035169
-2.0231853791016157 0.6177169141985777
-0.008990366438502406 -0.06149455238250088
-0.49465463943038657 0.8611669700124929
-0.030825917964553973 -0.028583451684153906
-0.19654407550467085 -0.12708225870078502
0.016979125681000146 0.0017953336018671625
-0.8333502056011968 -0.42728903053733147
-0.0026665165926853442 0.0379605305445745
5.299956277639482 -4.244613895804857
-0.23180985230963685 0.1439772308469618
-1.33074045831454 1.120373904419649
0.4502051843347969 -0.09565136224833146
-0.15604150758689475 0.10179003116989964
0.5777884303529649 1.5621860398825893
-1.2147534339329558 1.9339595697131549
-0.04481642667699481 -0.03743603446030053
-1.487543216636113 3.1815097385780113
0.16263408417134298 0.9734877944221588
0.809184942401917 0.038845456168503524
0.007132113866378548 -0.038679012605504305
0.8252727669490942 -0.9158098884695481
0.03654867551157906 -0.027239198617068642
0.027291614396317755 0.1840164579911712
-1.6595530470245066 -0.01352758736880611
-2.3504049246365297 2.483408160347682
-1.9162271467151295 0.4269611562729312
0.08460304337964078 0.8709930776412713
1.4967028527121784 0.39716114174766587
-0.03990035013481461 -0.04569564521486782
0.6349892614620949 -0.028445392217977747
0.5002301779904206 -0.22565650022651626
0.4132401715347588 -1.1918473704408554
-0.3135638081594251 -0.13720365490067277
-0.6227660272939313 0.07498405865399504
-0.1372707767299369 0.0921333965395998
-0.034420261890629786 0.14419454016590247
0.009302087060073329 -0.9166846468212904
0.44707054376922173 0.039439287506845146
-1.9553931239205704 -0.22043229212151272
0.7907513333853811 -0.05338749068767588
0.09845399470797547 -1.2355474275019311
0.7850936066953642 -0.7437252959378955
2.9855765171247173 -0.8558029330795749
-0.26060993223589674 -0.4618888972513173
-0.17231594592189597 -0.06221574006414787
0.052629748116495456 0.3865968124137201
-2.153502935369647 -2.027503278630117
0.4368395876272387 0.27891827987071427
-0.7514273713812214 -2.346413653297823
-0.06868937998276424 -0.09708073877663977
-0.17605320161984855 0.23387810409745713
-0.9615264075192836 1.058683022513661
0.13526421350338136 -0.248336025319148
-1.1871716871382831 -0.9290966692908844
0.23174771011629072 0.2781651838825715
0.3403088050337935 0.38920024705324213
0.4708416926377913 -0.22184550427348668
0.3533889494542868 -0.04205370814377856
