-0.03931883794457186 -0.13733175289423552
-0.047552694003764384 -0.09913362807875803
-0.11804696854630081 -0.08046792840750941
-0.6633819781755357 -0.5573695120546551
0.07574243433145006 0.4436927357552889
-0.037281644862044515 -0.061639001886322334
0.042722902922135 -0.011731585982221349
-0.08071122891235613 -0.08527034152992027
-0.11939104798464159 0.12974475090036247
-0.05142872694405811 0.44162452455944246
-0.019366553811603036 -0.018668540845103544
0.02162231600996635 -0.11675950426209851
0.10197801955029841 -0.1831798885584099
0.38469618892430124 0.36678251531927075
-0.14076961512006847 -0.1214955462348059
-0.36120537638062933 -0.17684786331223817
-0.015365563485538553 -0.015068971720321497
1.0763918045364074 -0.6934947950968342
-0.02173923744584928 -0.14593659344946014
0.013139205733023735 -1.2678830077703491
-0.23415335303851464 -0.2612991695656882
-0.07965737204909373 0.11134438870458324
-0.04633667998824239 -0.013567244569329784
0.23558860945629628 0.19404271159408618
-0.010847949904369419 0.006107641027392568
0.06768828605914204 0.17999521269974605
0.013376211527336111 0.40760898385498057
1.9034707059029667 1.8776181167662185
-0.2455535506959282 -0.047629981357811296
-0.3557698063100706 -0.48230299570500285
0.06271657196630767 0.12151220411696674
0.07202283798403593 0.3002051830590879
0.36159583390247085 -0.5916190910069493
0.19245661379954684 -0.22080447609354859
-0.8235814727080613 0.28941563758426564
0.025600853666093902 0.15536260192338405
-0.03152343074496407 0.005266515546695771
0.023353819840651338 -0.1342076764909861
0.1012563873022751 0.07147276200444941
-0.11293870628739423 -0.0853478952554687
-0.01242606165027118 -0.006282786385029534
0.7343722862987621 -0.48973481228745175
-0.7668812411298963 0.22933862648640063
-0.010393854732741776 -0.027969891019222475
-0.15780365874165642 0.25693636404662806
-0.03043936725347667 -0.021974533739364303
-0.07296860362279609 -0.04895375329022544
0.0007291221102233283 -0.0001259947033663858
-0.5360993517710173 -0.2767837977888763
-0.006273878838709561 0.008624961019289184
2.8202422951705666 -2.2606429471999627
-0.1055119279627722 0.04746409762980991
-0.3748740146289489 0.303988992048586
0.20836811693863816 -0.044703239208342405
-0.09081464351356197 0.054418117038211866
0.21826925276364845 0.598279035624491
-0.6321820793943261 0.9884770048850221
-0.02594270632558155 -0.022322006567976366
-0.6803527782262286 1.4419547760260034
0.05851161786518284 0.3959886173118007
0.45956059108704594 0.017353811122704142
0.030569550011116678 -0.02603781231865504
0.3867119693221 -0.4388920223044997
0.0018541215117300757 -0.015957241091955187
-0.00041501660872863134 0.040344140523815616
-0.7436238040496748 -0.007609058595487988
-0.9002543568931287 0.947139433775295
-1.1524716906274977 0.25501696186256095
0.04421613028838936 0.5065385914388187
0.8760699236813643 0.22857154886765493
-0.024941985687600816 -0.029317823908406003
0.37557821462485164 -0.024677555088647826
0.2654234146002139 -0.12115760728515154
0.12850879945025007 -0.41255363684725865
-0.10560608154460624 -0.04909142822989746
-0.10588819870840396 0.0005034126899375133
-0.08774375889132181 0.0506060205746901
-0.01903969485437802 0.07076570719019427
-0.006113986700509168 -0.289563929769689
0.07071462451420357 0.0009142385097368104
-1.2518328808157648 -0.1440895073030809
0.08673487106759376 -0.02110498521030433
0.018063979201528538 -0.30198848389271604
0.3317891929626998 -0.3246950673244763
1.42463059857508 -0.4131494518474318
-0.06833935918915097 -0.11314400928064874
-0.055645220957333534 -0.026486052592180318
0.0020788104825450538 0.0722904920177147
-0.9251008989420466 -0.8713156511822161
0.19303689032178875 0.12179859345010001
-0.19614957822487472 -0.6090914428462495
-0.03436315993704387 -0.04717555277791852
-0.09716762676663487 0.12374901952674372
-0.38033967658243645 0.39996968232131563
0.03545841655239128 -0.08679306171751508
-0.3175610895274545 -0.24929790724311957
0.12668319251394136 0.15267366664394477
0.10791916972588418 0.12458076886687935
0.16921076044820943 -0.08969007662882011
0.08482472533864016 -0.019381733930519677
