-0.016622666012763528 -0.05634822852668817
-0.012866929819372989 -0.025655167528386473
-0.04746734566106409 -0.03272401825405459
-0.2935218142149178 -0.24665008169797054
0.019398240045401475 0.11756917880402537
-0.01566558124112879 -0.02484150921081603
0.025651461583962393 -0.006406843239925332
-0.0449466376573871 -0.04734770495820147
-0.07021414244725561 0.07320449788190049
-0.03120511393893384 0.2658866771819478
-0.003945728552257048 -0.003882734879562392
0.008030254612216214 -0.04858432194246625
0.049885766163123076 -0.08959484551392577
0.14311806680962966 0.13643767754236014
-0.03754358016074474 -0.03261906368607089
-0.2429225713584124 -0.11911032555772073
0.017221643453753068 0.02236135707469824
0.5217783688022068 -0.33514815018433886
-0.012350526126088118 -0.06925235910407228
0.006505663481993006 -0.6813073440194503
-0.09980259910282328 -0.11130909357732663
-0.05028806173009136 0.07259282982275653
-0.025998119315364117 -0.008156143051575505
0.12851667785309556 0.1058045250951424
-0.005815416677568926 0.004460194070952821
0.04583226987876444 0.12359518464503366
0.006115326082903022 0.19106432079263777
0.8438129613478254 0.8323528491087159
-0.16349900245458282 -0.03181837823604302
-0.19630015146292376 -0.26613424144014736
0.021389277864669765 0.04261681832534763
0.04165869393189108 0.1745872067803348
0.19558297963534754 -0.3223971150034428
0.045015975383882606 -0.05852076450031782
-0.3669285772845088 0.12902459345347456
0.01240214523964793 0.07733731673036995
-0.008908034181916664 -0.008858269419478752
0.011177627085465582 -0.06585181215951183
0.02906680541936745 0.02015141308752828
-0.04789147963963263 -0.03661346235566765
-0.003561708161696821 0.0005522028729449996
0.44372822097229236 -0.2957837433705203
-0.27912077292127585 0.08337749458771566
-0.0047914256881867075 -0.011303732167755102
-0.07792946661944258 0.12420316571980089
-0.016984910458387202 -0.011773680358730644
-0.02562415336868234 -0.017338014010518682
-0.00021879476473865274 0.0004056710317349456
-0.40296870868644774 -0.20808905022012542
-0.004423147630676359 0.0045953650342247425
2.0800604226780988 -1.6670099722303582
-0.07237619713633522 0.030474324276997568
-0.1559985400421796 0.12451443855402461
0.10846753175956109 -0.022739266918823945
-0.055199694425237235 0.0331046822095013
0.110228036192857 0.30280575632825135
-0.5028411553084082 0.7845265081636073
-0.013741218311087324 -0.011845079279220095
-0.327219310215219 0.6928830088458214
0.032098111425180584 0.22330629306164496
0.2883601698081213 0.010618940694308403
0.018077829165726006 -0.011831327479201768
0.21355580488721773 -0.24294891426788962
-0.0006901140097043403 -0.010291793949329307
-0.001893371601486529 0.020196861183005038
-0.4486443556468693 -0.004364856357672717
-0.4054132144776937 0.4268134732672605
-0.6513626990113165 0.1444824748184683
0.018737203284376433 0.21684402251018228
0.5694578360079173 0.14836404637382766
-0.01552574171439753 -0.018396983766040566
0.30465362086202924 -0.020688973663751616
0.18281500080858462 -0.0830468037374417
0.09091567992462636 -0.2996008782137868
-0.0552586306609396 -0.026055275460986436
-0.018705875174565116 -0.003953509407301435
-0.05294867163456442 0.030149128307522935
-0.007957924077614469 0.03083283494251434
-0.0032575063658819427 -0.09237108164130979
0.002001135682345315 -0.001866449272653999
-0.6614025520528528 -0.07613088255958236
0.008166198226847138 -0.009082291557178834
0.00555044851764311 -0.11389489156005196
0.1194962079706752 -0.11750868683816362
0.7474009696068061 -0.21698173476296978
-0.03179273055832079 -0.050903023897614585
-0.02728317983346803 -0.013926684317856892
-0.0017603951519758114 0.017931632232605885
-0.5004092251655448 -0.47134514885979395
0.09045906727116099 0.05705017343031682
-0.0806039734100416 -0.2504591914099293
-0.019024628747089267 -0.026072176906626904
-0.048828245215763344 0.062458957643972336
-0.2632076515965536 0.27420452370103526
0.01670948119280176 -0.04493828775696701
-0.1447419678460421 -0.11373196849172913
0.05975275732285021 0.07198924386319468
0.05973078541735503 0.06915058937792741
0.08029066068239 -0.04372077605499401
0.020125694800393376 -0.00649762178239576
