-12.659349264509055 -63.11413262950515
-12.549999829039034 -33.63579677151493
-28.761689693238374 -16.691906940545977
-56.880724296451504 -47.69742902675209
13.971021907135102 66.66543966584935
-26.639926899699034 -58.072937296568284
-39.70406668697511 0.005892430238139665
-58.94462911150791 -62.7537898857713
-12.876773473845718 20.06320563867387
-4.527407612531402 85.67073218503496
-34.22031063776501 -26.509966139322223
26.766680220352935 -72.2281310691983
46.83821653461128 -58.21410689362414
65.84745284194685 63.025267560431665
-88.52051000040696 -75.57708657014403
-52.13929053431693 -24.19918657921905
-48.263561424440226 -58.12357386731056
49.459986093153994 -28.51364364783897
-2.4314661364676144 -70.1715602593834
1.685312862316684 -66.17358770635568
-37.30907420124655 -42.30287519279841
53.660198236510084 -94.37316276223062
-12.26847501988588 0.7321945369457055
49.21232420179937 41.15265076907899
-0.4647835024286611 -62.41168565785049
19.389328252593618 43.66403207662858
3.4825450912086677 56.26891874639888
70.52129614776442 69.59450458178081
-51.070688392110824 -4.523252976870571
-53.03782999396846 -72.10377471662386
13.86976137020447 21.8441735907246
19.857664191236303 68.65533296139179
34.68085477376709 -48.72368180207019
63.19200269182147 -60.54816634502744
-49.681301532688146 20.947817180117696
11.794553469352255 48.30371465127901
-21.151673721008702 32.68287871906705
22.71065235092116 -64.00372708795425
41.15732059215658 30.31510210293478
-71.17070778544198 -51.047473554758355
10.203961749086591 -14.195751438561945
56.03511224632267 -31.946891510949676
-51.225772992821845 16.60610653906947
6.296573205186125 -0.359690215119748
-38.13237153877134 79.57820152289943
35.66154881011104 9.389708681919153
-79.31415195268006 -40.4628372678463
63.80225846664689 3.8475588858960807
-51.827688367807085 -25.400067765156763
-13.880255275911985 -46.478407757504044
80.0959347197459 -61.46405564028745
-43.43670313765216 56.43340044238913
-67.86132711662118 61.2030708364872
34.53513015859295 -2.2382276666386463
-56.30655062421804 75.24317278329741
24.46197990414468 64.72402472761055
-45.6642297742448 73.16468276185951
40.91207591188005 28.65072475515332
-28.137034147587947 65.9793691825376
15.47401125980555 76.58005256073673
63.42933360650932 4.884003868324498
-61.371003098947064 24.45108541089523
72.4366033301379 -73.68097366617883
24.101394048806206 2.9706563018071237
11.891163776026051 35.700927104861485
-80.14510557117487 1.3057144734561414
-70.63799439706493 77.19503621532498
-58.919703947368845 15.778195438875308
13.941498023117362 71.12294165853437
37.93721711587736 10.880455910199423
24.289480783394875 38.745099920638125
48.9192413616554 2.8359686150544143
61.073402734927654 -23.208777497750383
23.28195988558483 -57.44376633201439
-63.78518162007341 -22.454858534456847
-54.546253234421755 9.995978797037903
47.441524313064164 -38.42778912831789
1.573300993410939 22.82738698131939
5.849155938279131 -58.61647561778722
55.287949664690395 8.43603348158408
-77.16525338638613 -7.902955734888795
62.85023861522855 -0.43383210596234184
11.84604329701579 -65.1688840934566
76.68940361342666 -64.21742966328482
79.0731133790195 -21.109530619249377
-24.860884321850467 -47.32262989715636
-60.03531324150522 -14.30662332224076
18.644372631866695 85.96709083907388
-87.43362944318778 -82.24443884937746
31.230868447509778 21.01917998036355
-14.976937635850794 -49.90049465790885
-0.4164128455531113 -1.868305182456674
-14.006639466470036 45.04945178897653
-52.06185040018933 64.06666039579689
27.23318669114167 -27.696411819516936
-25.292811412364458 -19.608805356463794
24.193256141162486 28.018198286610325
18.842639990659226 21.29620036052472
56.074511156612864 -23.007618877041804
71.8167513733484 0.7330113805083256
