-11.070880530218552 -54.97937114908834
-10.066216514469868 -26.83568468364935
-27.077843361339124 -15.72506399246097
-50.27722361371835 -42.167914637749526
11.477409784608712 55.038897234947555
-23.69667261915771 -51.601729355435886
-30.239398113206438 -0.09584384264929974
-46.28816378423974 -49.27361055624508
-11.368205602002263 17.583751360058052
-4.147329473302242 77.71162648205524
-26.814433449801683 -20.79329842605775
22.49650561317585 -60.94727443846503
39.46885012608581 -49.200547998019374
60.25629825897911 57.67224086220193
-85.5361910498273 -73.03119562774675
-42.938869706280116 -19.96872732046746
-40.554738330962735 -48.82616934569937
43.03128510921245 -24.892117251623763
-2.0700449311686655 -57.66023385040751
1.4511861018730658 -58.848409987666415
-29.483107248352475 -33.417583157541216
47.559001778801886 -83.77248756645174
-10.333318271877223 0.5446545718020213
39.99496467208637 33.43218421189072
-0.45488336131893736 -49.722960951120136
14.142458129185417 31.98638929908174
3.1730526676576933 51.76933682252861
57.98981936142024 57.22674984340969
-42.04385128044887 -3.7913941849120243
-50.57491800246428 -68.74849329777525
10.738507242897867 16.965081952742384
15.546299037694219 53.966944561466036
31.335674839799225 -44.11943429964711
56.86209407275606 -54.56423322013782
-46.34600322050989 19.50143046851602
11.064934852265214 45.39263364983916
-17.8743286109276 27.451316791391367
17.20397005062634 -48.86323542214201
36.43632064434984 26.825314959203432
-56.06384828327448 -40.23715707532065
8.429688121649331 -11.893731217783335
44.57320586634146 -25.544949420092312
-46.55176146074016 15.040185384420035
5.884834835854702 -0.3631692754339356
-35.91172185045588 74.86825852743846
27.831390056984574 7.26144298206069
-64.33405405643462 -32.8593322114339
57.63941962011053 3.4383605937147266
-42.42777978310585 -20.832119003520987
-11.190724574725941 -37.27708576384898
71.82000303449956 -55.18891727216594
-39.7496608998118 51.561102710719084
-55.467416717164234 49.87966168295796
26.49781555014214 -1.8192905435003048
-44.243602023002225 58.913320524845666
21.684032121581758 57.45037421762146
-41.188705353584126 65.88667439277232
30.774516331348536 21.52078005787301
-26.616098299478974 62.33645930871237
12.592895611164824 62.61971267923053
53.09264445170752 4.025861188398183
-53.42251932840138 21.208361516209596
65.69459399659797 -66.9008789110192
22.11305525988375 2.695972640439016
9.631624503520447 29.07017025112708
-69.81535531649071 1.082593480197743
-58.486437785594845 63.764693347446595
-54.56505200692381 14.572760991302072
11.870870913433217 60.8058886972504
32.74252396054247 9.350385174750436
19.00415373567585 30.367285065553364
39.347254483403916 2.204949260709764
53.48621617844161 -20.39644311282545
18.602267672492275 -46.182636081783286
-51.77853457096877 -18.279176348819625
-47.66417123301945 8.672144612413863
39.496143453923835 -32.11713556743245
1.3721516878678324 20.477564558717816
5.2436042111178285 -52.991583489308084
49.11239402073733 7.454624263081838
-64.53029736065467 -6.670466233745353
52.912818305074204 -0.43109602766229366
9.900477035160852 -54.89523075949565
61.45503101176108 -51.611785793557516
73.94115734633701 -19.77355372219622
-21.418156486764573 -40.71641878562876
-50.802829137596085 -12.15560834923267
17.635770592002466 81.39610512968915
-79.45405981783395 -74.74072342002725
26.149985520856816 17.57775521457306
-12.362178870641237 -41.014212156372814
-0.4164128455531113 -1.6685033765516712
-12.85175433435448 41.18580384918566
-43.52261022033771 53.40479990985702
23.06177342097139 -23.580759092641046
-23.750120911694317 -18.41860406859667
19.76661288164861 22.903546814742313
17.92817911572076 20.26523921002115
49.98940142342785 -20.574131194997
61.05886683825741 0.5618244577212775
