-9.721200058477184 -48.067476394485915
-7.6161729487066925 -20.127945417660523
-23.947773896839717 -13.927818286937452
-43.58486448072343 -36.56399364187076
9.955547552192002 47.943168248334665
-20.15144453271838 -43.8069872233112
-22.91738440537559 -0.17454859378342621
-37.00711712483062 -39.38853047270966
-10.403959128030786 15.998933672931217
-3.8231664757815365 70.92342348912682
-21.11872277315575 -16.396724664046452
19.482676430608517 -52.98540448098857
33.45053020205162 -41.8394699784603
49.430088565225496 47.307120622486494
-71.56971520610762 -61.116542758344266
-35.32449991107494 -16.467552558817165
-31.56824923493204 -37.987806168635565
36.137289938009204 -21.00847333191774
-1.702326316344452 -44.93090986700483
1.3070496745475322 -54.338780486553766
-25.410620508924517 -28.79384347050506
37.77908635673104 -66.78013081311673
-8.616647093760138 0.3782884863474257
31.147676705728927 26.021689845701708
-0.44905318549498663 -42.25059311291973
11.03742220045886 25.075697870805236
2.7303723515615927 45.33339139451032
47.70828339088289 47.07954074863526
-32.836141296289625 -3.044870965056255
-45.31945553369241 -61.58885640057654
9.026053925921516 14.296752804229262
11.684444454000943 40.80999356122023
26.945057251568127 -38.07626458568514
50.693153165603846 -48.73246975224039
-43.24354618511966 18.15601779195909
9.939224441704223 40.90119920373015
-15.441018956449007 23.56707216074249
13.850219230865907 -39.64217752071283
29.24776565205626 21.511498591599672
-42.4976981641492 -30.529356709912854
6.96642362058086 -9.99522784281489
34.49666526286137 -19.916790605924938
-39.25050664186991 12.594066178705754
5.2556267027759205 -0.36848588716655856
-30.787285052789827 63.999454984112006
21.370325934738734 5.505302194944283
-54.19157835164232 -27.711277382949977
51.50819277181008 3.031261265340911
-36.466259442944036 -17.93507812169478
-8.541528756903283 -28.21375596683973
64.93384573563861 -49.96756075081663
-35.53792460415291 45.995440080352516
-47.779404622814816 42.85568751210918
18.453120573996628 -1.3999687259509135
-35.34269224771126 46.86398280474126
17.991776567458093 47.78274235541119
-38.85315847466194 62.088654734400784
23.375337644601288 16.316792409492944
-24.22322326838206 56.60510115284344
10.731450851840847 53.600150579017274
40.77060539961958 3.002896537342252
-44.111930909829866 17.40994304923543
58.81472064234018 -59.9821413451556
19.608914844407188 2.3500323702319834
8.471295205100498 25.665112617605544
-55.35770550957584 0.7703105008838765
-50.715349639482326 55.17580374294266
-45.30082179318791 12.008279975915862
10.63658804161447 54.65598285558383
27.588882247779804 7.832405935189557
16.045565352213035 25.677602575658437
33.16185860542786 1.7971860070685837
46.689180307223495 -17.87699304343792
16.13682565858793 -40.2498391415714
-41.065755722898885 -14.553476774941291
-42.78615372643451 7.733811368622836
32.45751039222046 -26.526670417671163
1.098959064628195 17.28613344716336
4.38310137243481 -44.99848326889907
43.327747144635666 6.535337627628196
-53.97020021659216 -5.640370930318413
46.83387323163726 -0.42942230659751995
7.563850263267046 -42.55656417386018
47.434826847865324 -40.010802589850435
61.11955889045793 -16.435769997772287
-17.801465860052232 -33.776392460675694
-43.601708576880064 -10.477867237067846
16.982024407699583 78.43332660267414
-70.39802821639567 -66.22473982105186
23.265984435503235 15.624340246548867
-10.301800195536481 -34.011995657194525
-0.4164128455531113 -1.5143774067711426
-10.84933964323514 34.48676064496845
-39.25149476256732 48.07200259171432
18.051037714359893 -18.637003406279096
-19.937910292684514 -15.477445108717685
14.74475401786453 17.10116873198998
16.99078224749112 19.20842007184479
43.21229301263887 -17.863907294251486
52.52334399927449 0.42600129616773175
