-8.7632626136119 -43.16175023260486
-5.4809587549278636 -14.282147290211492
-21.217260142571533 -12.359992341094989
-38.37718923342408 -32.203289131232964
8.835369666949966 42.72030475835075
-16.10909063658632 -34.91923572781143
-16.19408713167766 -0.24681770715058887
-27.579093378648206 -29.34690767082406
-9.018987216752043 13.722619431274644
-3.3503307051346223 61.021907221021635
-15.478700308565568 -12.043137167644037
16.29144412151906 -44.55487470974798
26.561858635536154 -33.413854608673184
39.48352445711392 37.78418176678537
-64.48034048721378 -55.06867214431814
-27.20500841154817 -12.734117030971067
-25.057406716127417 -30.135253847769505
32.45100555519319 -18.931852218309974
-1.4353466074296457 -35.68886697125494
1.0763486568423448 -47.12078476760673
-22.718842393101706 -25.737705513730873
32.50836202265006 -57.622380017944316
-6.735693777796595 0.19600148573329138
24.290044676684424 20.27773263419542
-0.44185976294688384 -33.03099135164649
9.259552255752071 21.118799828561162
2.2650719080625525 38.568581320275115
40.56935364376689 40.033880152351294
-25.59893601186045 -2.4581081542179435
-42.313934257699046 -57.49436592504158
7.753969019391142 12.314601698661072
9.239815408865578 32.48138774150968
21.215758232268083 -30.1905570240719
44.6516771374517 -43.021204281645986
-36.42268659689012 15.198081275727965
8.136707896922418 33.70939852127946
-14.162606140994876 21.526366776189015
11.311930157276674 -32.66321224391766
25.38958083037428 18.659508772133492
-34.877782312910924 -25.076621686677157
5.2600360810316715 -7.781286002175209
29.25704918624904 -16.990251373377795
-34.64561777149773 11.051302998206287
4.491764367880655 -0.37494028474711943
-28.003195161286943 58.09446927105027
17.700098978490356 4.507721125651091
-41.24769690178971 -21.141302424493638
47.91277896761736 2.792534077271115
-30.654321136756028 -15.11072763474812
-6.4379664123333935 -21.01712703169502
60.449094144945896 -46.567044911806036
-28.693024056012526 36.950142721962045
-39.9569186436148 35.708854391215496
12.471447075391183 -1.0881798749304803
-26.29429697205601 34.61499104391834
16.115215916006104 42.86924238786813
-36.57634022559624 58.38613840020448
16.213071231326282 11.279429814662056
-22.662576160129454 52.86707580004574
9.350195433414386 46.90732826433413
29.3184261951925 2.0521468721152423
-38.92719882917217 15.294740314873218
52.04609398536956 -53.1752789060518
18.06708726715158 2.137033033057454
7.117730736959949 21.692994503392924
-42.11360552751677 0.48424000837893366
-40.45338368748265 43.83390528165771
-37.1095170126768 9.740801176682528
8.684652672420018 44.930320283700254
22.98723400540912 6.477013595364675
14.456977609830092 23.159519235388117
27.45711984056716 1.421109376595301
40.76359620895275 -15.680563077433582
14.792397655257243 -37.01463089107837
-32.016725004084705 -11.406396976951047
-37.8535970908189 6.784987002610986
24.968468492930427 -20.578466075143464
0.9053123563571649 15.023956225473981
3.299264704518039 -34.930863826211606
35.31756701669644 5.262372881999102
-47.04109494809841 -4.964464383564772
41.84387456838331 -0.4280484060646173
5.588051633699177 -32.123267412976645
36.304604570626694 -30.80112773901766
49.83846165656494 -13.499017386894312
-15.657941352726994 -29.663207772124668
-38.924297767845225 -9.388108449301962
15.012646708083725 69.5081043985461
-61.778201422831714 -58.11894836286602
20.889451045644307 14.014647407202883
-9.15997620592309 -30.13149598214234
-0.4164128455531113 -1.3281938153527537
-9.470114926330861 29.87258856171171
-36.70299086229907 44.890010697793166
15.146801606838341 -15.771589101518881
-17.623738517339365 -13.692038232766182
11.590981539703108 13.457223172858441
16.11687249952789 18.22317617143508
37.862943999673064 -15.724656647871235
42.59831433495259 0.26806733793799087
