-7.310416955107965 -35.72153271704424
-4.074262195510251 -10.430887713119965
-18.029863478335844 -10.529830093397477
-34.69324721311905 -29.118499503998965
7.537295986939439 36.667996709820436
-12.343006648089904 -26.638907122004664
-10.61593556076732 -0.3067775827661451
-22.798801031799034 -24.25550209929728
-7.47196076099338 11.17995533477934
-2.753130243799863 48.516106157925556
-10.606434137607753 -8.282188126359019
12.241295963018347 -33.85527928044563
20.729775984531813 -26.280565592395234
31.200091024525513 29.853540669375676
-54.02440278291307 -46.148822243395585
-21.77253396163443 -10.236202830727585
-18.512619222938966 -22.241761404851708
28.89301317567828 -16.927502762310613
-1.2935978729679374 -30.78194767900488
0.8966539677326566 -41.498635764481264
-18.476714768174787 -20.921362303340903
25.6488406727778 -45.70413441930633
-5.755742916152529 0.10103246029162245
19.915840310841624 16.61389610791773
-0.4355733780721857 -24.973913559366004
8.05784578873209 18.444234132200496
1.889401735243917 33.1068685598865
33.598238857686276 33.15384203735195
-19.15904655550743 -1.9359884283857172
-40.133332452069745 -54.52368213870487
6.227849417263573 9.936616046086069
6.8241785723862805 24.25155546710232
18.31481618829327 -26.197750829996043
39.02411205257025 -37.70122651412075
-31.31513079288001 12.983136718382053
6.634260363390761 27.714833185232955
-12.154976399093316 18.321626668016016
8.459957275390233 -24.821780816683813
22.797900978942664 16.74372586042314
-29.681590331238585 -21.35827904890158
3.9172254751191007 -6.0390647801016035
26.572935816511947 -15.491064607346901
-29.67862613470223 9.387225529496918
3.510354452070212 -0.38323289127682075
-24.13545059077445 49.89107882006178
15.491418143005841 3.907393621151962
-30.679055272197843 -15.776936942599612
40.789427889710424 2.3195599872012536
-23.302754544324987 -11.538184432930837
-4.966981259060344 -15.984647559650831
53.248603672833454 -41.10734855986579
-23.33176054569479 29.86541996719725
-30.528285938987977 27.094602518173513
8.706970007728225 -0.8919602083283091
-18.85198006897123 24.54017936183064
14.765808398136379 39.3360159024225
-33.95502030189339 54.12340032761275
10.439577609208502 7.218818391489335
-20.865788124126574 48.56345123516735
7.225094848298832 36.6102315599386
23.14529582285267 1.5396591149697767
-33.889547037211926 13.239541573771188
42.83260188345521 -43.9097400456814
15.205156070417479 1.741664927741477
5.4252214765075 16.726222066501723
-34.79351597674309 0.3261272165843381
-34.381779883935195 37.12334765955141
-32.21478169710869 8.38586336722443
6.5819144096041065 34.45327112321706
19.83788975184019 5.549390089192517
11.464551010186842 18.416199514035885
22.217265483479334 1.0756795765626508
33.07369334472379 -12.830154947780315
12.585655381824386 -31.704364523496853
-23.780079328825547 -8.541849158153427
-32.627302154489996 5.779659269778108
19.8611821773401 -16.521981540879256
0.6322647838250998 11.83421959357058
2.2602110255623864 -25.2792278095446
31.032206304310762 4.581350355409008
-41.63743831189137 -4.437359258834138
38.778074373887705 -0.4272042967160501
4.312466060979601 -25.387478337651864
28.073700115929327 -23.990486238078965
40.70043487382589 -11.120159776142128
-14.172179107675138 -26.812195574088143
-31.467670397890643 -7.65083850760523
13.448751158614058 62.4205278073283
-51.20936574048366 -48.18037534410055
16.775834674281043 11.228379456979418
-8.307087330497332 -27.232945037293224
-0.4164128455531113 -1.1919581157675712
-8.393037311591943 26.26924430568357
-31.646736298714245 38.576910281021085
13.429338806471248 -14.077084146043637
-15.575288175729375 -12.111638124217537
9.120927854923469 10.603262965584236
14.548532518556764 16.455033175408563
31.73373945723384 -13.273535072623647
31.753815062887284 0.09550214136093524
