-5.678654642934744 -27.36505901648288
-3.143170955198609 -7.881742318266062
-13.996445621899099 -8.213893337590633
-31.409730518218435 -26.369010455189127
6.329234027101098 31.035371046696596
-8.89749285898126 -19.063402572238004
-6.471292333316308 -0.35132859383669285
-19.11437962167591 -20.33128944989354
-6.490812450091726 9.567358100788775
-2.1072222862940517 34.990335592402644
-7.356751992959652 -5.773727275175128
8.892193039984736 -25.007690272536685
16.122683830183853 -20.645576887985982
24.29809049021219 23.245497092128673
-46.00445267954119 -39.30708760819962
-17.36198334524797 -8.208180956507945
-14.215194411730213 -17.058752742372135
26.281383575938296 -15.456274662540388
-1.1353814818196604 -25.304967125888304
0.7116493606949754 -35.71035413977721
-15.452385344563192 -17.487658800456487
20.479978271782603 -36.72336616763034
-4.995759838521039 0.027380958915589254
17.37561783740326 14.486204051339183
-0.43073003436804036 -18.766339925732105
7.301073609096694 16.759931877730505
1.5711302226617463 28.47965110342519
27.610668649968613 27.244498623930255
-13.300692312292778 -1.4610171836110428
-34.4493123168102 -46.78021131636739
4.98734324370624 8.003670634378112
4.8635545924241494 17.571906330857814
14.961825779316666 -21.582753125562427
32.62402200595447 -31.65094788657951
-24.192175910270997 9.89419344397508
5.553747537479499 23.403731075639833
-10.351352480498397 15.442537067307809
6.969836972508713 -20.724730579079335
19.067091953265646 13.985892876422962
-23.44132394436145 -16.89280728433925
2.762864330834346 -4.541346133365643
22.04952205118972 -12.964553569954582
-25.71139485198299 8.058095006742253
2.8200769026220622 -0.3890655204582092
-20.143606483400223 41.42447632466241
12.488229506155541 3.091115999263246
-21.847253947483303 -11.294146076024056
32.842491334482645 1.7919017200537357
-17.668482506828084 -8.800172063502984
-3.6207693292041734 -11.3790375798711
43.189905907968125 -33.480446516900734
-17.470446518458388 22.119897893591364
-22.844278307235477 20.07428693182014
6.479628867056456 -0.7758622408878433
-12.938936090223393 16.535574703153095
13.337128360554054 35.59522590298465
-31.855344675513305 50.708949786215236
6.237646901956233 4.2635180229422724
-17.025017898293278 39.36412846545406
5.814279762637957 29.774178965148046
17.172211779410944 1.0437790249621286
-28.341490322175233 10.976114158144036
33.199625883473104 -34.22234763446909
11.771240696097736 1.267278745114342
4.03564784349577 12.648432845054014
-30.956178840287038 0.24324133335931414
-30.604721993947642 32.94880573736872
-27.95975507409989 7.208006735543359
4.917785491118886 26.161625512030604
17.7870157129365 4.94531545856762
8.401428685748488 13.560819424794971
19.35833086763257 0.8872084578334598
24.539508404816754 -9.66679767758226
10.438325188644901 -26.5370663563236
-16.340316827885985 -5.954442064941517
-29.78991432827053 5.233860629392822
15.66020215031558 -13.185334747383779
0.37472162448094093 8.825605226344422
1.5920259053614245 -19.072542146861117
25.342615552309535 3.677169883974566
-34.03610910264362 -3.695879951264448
34.85964674594353 -0.42612543273842685
3.2134300319425764 -19.58396735720637
22.728693592105593 -19.567773830918547
34.13909569331349 -9.412078587786286
-11.500422603629467 -21.685392541782136
-23.76059401173581 -5.855218117886197
11.002337683634172 51.33337887107926
-44.06659474527832 -41.4635568386588
14.286515200526813 9.542293434016132
-6.863444751750714 -22.32671202005337
-0.4164128455531113 -1.0405799737664192
-6.695180795688549 20.58909513126829
-28.930780726333744 35.18584283370225
10.72733312352878 -11.411196990589872
-14.467127001460033 -11.256680596309788
7.853977564801078 9.139397732660607
13.090630372916765 14.811397548578963
24.86204563394602 -10.525485652485802
22.771354273609912 -0.047433006953399
