-4.84189038326139 -23.079876991278834
-2.558590801483727 -6.281276389420563
-11.107651867605085 -6.555185047588379
-29.58180631241437 -24.83837788867348
5.187898798263509 25.713860798134355
-6.292898677608288 -13.33679218000644
-4.1879241707971335 -0.3758726509976974
-16.43260422031018 -17.474977486233684
-5.3041783698385485 7.617028253289279
-1.5820275354308477 23.992385157136873
-4.730191910164329 -3.7462603268075205
5.856272057887166 -16.98745866802203
11.881076599775131 -15.457617100957041
20.07774866683021 19.204900088239746
-36.57427719429735 -31.262304610579406
-13.587691621404424 -6.472718235095617
-11.37322880928339 -13.631134346924812
22.106411482186612 -13.104357583374357
-1.0377106520243156 -21.92389370161504
0.5122918252307592 -29.47300914739667
-12.260014770936344 -13.863168050345854
16.216011580113626 -29.31483142246636
-4.093460024726295 -0.06006274599480081
15.052974971482488 12.540756820727402
-0.42687862317905406 -13.830097525967783
5.9177733990036225 13.681203926088457
1.1821843924379745 22.82492906868254
21.51964414845812 21.23305253306073
-10.32882566424785 -1.2200704701614173
-27.38245166693827 -37.15286518711068
4.343043925408465 6.999729309766325
3.7400633036808406 13.744284260981154
12.986751009018919 -18.864294550015558
26.02658449227559 -25.41410826482185
-17.140348414697627 6.83609529879198
4.316653704702023 18.467891625743647
-8.549899119801621 12.566912285738365
5.368517961073351 -16.321942144081774
14.635837900066523 10.710287369872177
-17.08450726552107 -12.34393330492791
1.7320372187161055 -3.2039059440243185
19.685085164446377 -11.64391915499762
-23.126132219561157 7.19196161818576
2.0896374661806267 -0.3952375050108449
-15.421270366666912 31.408518367739973
9.181886065579565 2.1924397963420494
-14.323405821348402 -7.475237970951925
24.181572137688228 1.2168366514545785
-14.001350245341296 -7.018104491071844
-2.512494045251774 -7.58744756724974
34.21022651120702 -26.671698830341192
-12.24323840453132 15.21232466997351
-16.657925226756838 14.422268735728856
4.902202682683214 -0.6936404516661577
-8.95376652722088 11.140771795499932
10.678587971530751 28.63422621183658
-30.46393902792455 48.44627372948371
3.454312105109363 2.305944011377883
-13.59162522369908 31.140546852495543
4.513705312395704 23.472293313612013
13.612347723161625 0.7482422979063434
-22.922655352171333 8.765405028472703
28.110571430770467 -29.10454525590515
8.258508469251968 0.7820042260779514
2.91138829926273 9.349224121838045
-26.096064502895725 0.13826362222671434
-28.31671536552641 30.420017493509484
-23.794400174091464 6.054972612149106
3.6202099892731154 19.696359452682266
16.372133430901805 4.5285690003820624
5.592110359515539 9.107746115673333
15.63050242400588 0.6414567735149542
17.764813235421343 -7.15562861241831
7.934156740151427 -20.511078794981728
-10.52591901057117 -3.9323057194094826
-25.782060391378614 4.46291165674814
11.933792538536467 -10.225617585576636
0.1437927561149602 6.127898508206634
1.2444451149554931 -15.843908878601782
18.738718146691912 2.6276892921735167
-28.631251956385988 -3.168657721572754
30.88247101119395 -0.42503039359509837
2.5233881603093793 -15.94016908928306
18.57823351952249 -16.13348592563356
28.009519756223256 -7.816396203031894
-9.020328384528042 -16.92636807842242
-17.574264218000103 -4.413906346912525
8.300230211928454 39.08742442104544
-40.081687837742805 -37.7162861397992
11.84816715179133 7.890731789382245
-5.392640491728184 -17.328169770984598
-0.4164128455531113 -0.8790862170507705
-4.9294368549783485 14.681829768672413
-24.519397943172017 29.67791158999238
7.707707522158909 -8.431935638258109
-13.132181653182169 -10.22675678977676
6.203106944132862 7.231941596068381
10.808180830941229 12.238169026451349
19.062004204548927 -8.205999235204754
16.410342091501022 -0.1486538462098725
